0 1 60 0 0
1 0 0 0 0
2 4 224 2 120
3 0 0 0 0
4 140 10084 150 395818
5 135 22021 130 136688
6 80 11441 77 193082
7 12 873 11 1209
8 4 216 2 311
9 0 0 0 0
10 0 0 0 0
11 0 0 0 0
12 5 1402 6 445
13 47 4590 33 6322
14 274 24888 291 444081
15 163 14707 154 283739
16 103 10724 77 101635
17 85 7055 86 199043
18 10 816 9 5852
19 86 6972 82 138758
20 142 17104 118 45362
21 51 4755 43 51885
22 0 0 0 0
23 31 5188 36 9531
24 87 10614 116 167895
25 97 11137 141 251311
26 6 1710 7 644
27 0 0 1 52
28 1 139 0 0
29 1 60 0 0
30 3 156 3 156
31 0 0 0 0
32 0 0 0 0
33 3 251 1 60
34 1 139 0 0
35 3 251 1 40
36 2 199 0 0
37 5 335 6 300
38 1 60 0 0
39 2 199 0 0
40 1 60 0 0
41 27 2838 27 2527
42 306 35416 257 284880
43 26 4791 20 1787
44 16 3867 21 1738
45 7 536 5 345
46 8 1061 7 1001
47 1 60 0 0
48 1 60 0 0
49 6 375 7 440
50 2 120 0 0
51 0 0 0 0
52 1 150 0 0
53 15 937 19 23537
54 94 10431 92 127992
55 112 12994 157 280822
56 206 18157 195 327296
57 391 40697 452 2322475
58 64 6411 58 222216
59 6 993 4 4536
60 19 1928 15 22433
61 0 0 0 0
62 3 359 1 1244
63 5 480 2 1320
64 4 295 4 356
65 0 0 0 0
66 0 0 0 0
67 0 0 0 0
68 0 0 0 0
69 0 0 0 0
70 0 0 0 0
71 5 284 4 208
72 17 1040 11 704
73 0 0 0 0
74 4 223 2 131
75 6 357 3 237
76 3 171 3 171
77 3 195 3 195
78 12 787 11 735
79 0 0 0 0
80 1 52 1 52
81 1 52 2 104
82 3 195 3 195
83 0 0 0 0
84 0 0 0 0
85 0 0 0 0
86 0 0 0 0
87 0 0 0 0
88 0 0 0 0
89 0 0 0 0
90 0 0 0 0
91 0 0 0 0
92 0 0 0 0
93 0 0 0 0
94 0 0 0 0
95 0 0 0 0
96 0 0 0 0
97 0 0 0 0
98 1 52 0 0
99 1 52 1 52
100 15 975 15 975
101 8 494 6 390
102 16 1952 14 5600
103 6 397 4 293
104 0 0 0 0
105 0 0 0 0
106 0 0 0 0
107 0 0 0 0
108 0 0 0 0
109 0 0 0 0
110 0 0 0 0
111 0 0 0 0
112 3 195 3 195
113 16 1222 19 1243
114 11 728 7 466
115 1 52 0 0
116 3 195 1 91
117 0 0 0 0
118 6 442 3 1345
119 0 0 0 0
120 8 674 6 29157
121 4 483 2 2392
122 1 156 0 0
123 1 52 1 1195
124 0 0 0 0
125 4 365 3 1561
126 4 271 2 104
127 0 0 0 0
128 4 208 2 104
129 2 104 1 52
130 12 829 9 59246
131 0 0 0 0
132 2 119 1 79
133 6 357 3 237
134 2 119 2 119
135 4 247 2 143
136 8 533 5 377
137 2 150 1 98
138 0 0 0 0
139 0 0 0 0
140 0 0 0 0
141 2 143 1 91
142 0 0 0 0
143 0 0 0 0
144 0 0 0 0
145 0 0 0 0
146 0 0 0 0
147 0 0 0 0
148 9 1014 9 1914
149 2 200 1 1110
150 0 0 0 0
151 0 0 0 0
152 2 199 1 1065
153 0 0 0 0
154 0 0 0 0
155 0 0 0 0
156 9 685 6 312
157 0 0 0 0
158 14 923 7 559
159 4 286 2 182
160 2 143 1 91
161 1 199 0 0
162 5 594 5 1485
163 0 0 0 0
164 0 0 0 0
165 0 0 0 0
166 4 453 2 1390
167 0 0 0 0
168 0 0 0 0
169 0 0 0 0
170 2 143 1 91
171 0 0 0 0
172 11 767 10 715
173 4 286 4 286
174 0 0 0 0
175 0 0 0 0
176 0 0 0 0
177 0 0 0 0
178 2 143 1 91
179 0 0 0 0
180 0 0 0 0
181 0 0 0 0
182 0 0 0 0
183 0 0 0 0
184 12 717 7 316
185 0 0 0 0
186 4 223 2 80
187 3 183 2 80
188 12 669 7 280
189 3 219 2 104
190 0 0 0 0
191 16 1098 12 624
192 0 0 0 0
193 0 0 0 0
194 3 219 2 104
195 0 0 0 0
196 0 0 0 0
197 0 0 0 0
198 0 0 0 0
199 0 0 0 0
200 0 0 0 0
201 0 0 0 0
202 0 0 0 0
203 0 0 0 0
204 0 0 0 0
205 0 0 0 0
206 0 0 0 0
207 0 0 0 0
208 0 0 0 0
209 0 0 0 0
210 0 0 0 0
211 0 0 0 0
212 11 761 8 416
213 14 980 10 520
214 3 219 2 104
215 0 0 0 0
216 0 0 0 0
217 3 180 2 104
218 0 0 0 0
219 0 0 0 0
220 0 0 0 0
221 0 0 0 0
222 39 5005 33 13035
223 12 1713 12 5054
224 3 219 2 104
225 22 1498 17 923
226 3 219 2 104
227 3 219 2 104
228 0 0 0 0
229 0 0 0 0
230 0 0 0 0
231 0 0 0 0
232 3 156 3 156
233 0 0 0 0
234 0 0 0 0
235 0 0 0 0
236 0 0 0 0
237 2 143 1 91
238 0 0 0 0
239 0 0 0 0
240 0 0 0 0
241 0 0 0 0
242 0 0 0 0
243 0 0 0 0
244 0 0 0 0
245 0 0 0 0
246 0 0 0 0
247 0 0 0 0
248 0 0 0 0
249 0 0 0 0
250 0 0 0 0
251 0 0 0 0
252 0 0 0 0
253 0 0 0 0
254 45 4787 40 16686
255 12 1272 11 2420
256 3 814 3 164
257 116 9813 114 260640
258 0 0 0 0
259 0 0 0 0
260 0 0 0 0
261 0 0 0 0
262 0 0 0 0
263 0 0 0 0
264 0 0 0 0
265 3 156 3 156
266 0 0 0 0
267 0 0 0 0
268 0 0 0 0
269 0 0 0 0
270 0 0 0 0
271 0 0 0 0
272 0 0 0 0
273 0 0 0 0
274 0 0 0 0
275 0 0 0 0
276 0 0 0 0
277 4 283 5 260
278 0 0 0 0
279 0 0 0 0
280 0 0 0 0
281 4 286 4 286
282 0 0 0 0
283 3 195 2 143
284 0 0 0 0
285 0 0 0 0
286 2 264 1 1026
287 2 201 1 1128
288 0 0 0 0
289 2 236 1 1247
290 0 0 0 0
291 5 323 6 288
292 0 0 0 0
293 0 0 0 0
294 0 0 0 0
295 0 0 0 0
296 0 0 0 0
297 0 0 0 0
298 0 0 0 0
299 0 0 0 0
300 0 0 0 0
301 0 0 0 0
302 0 0 0 0
303 0 0 0 0
304 0 0 0 0
305 0 0 0 0
306 0 0 0 0
307 0 0 0 0
308 0 0 0 0
309 0 0 0 0
310 0 0 0 0
311 0 0 0 0
312 0 0 0 0
313 2 119 2 119
314 0 0 0 0
315 3 195 2 143
316 0 0 0 0
317 0 0 0 0
318 0 0 0 0
319 0 0 0 0
320 0 0 0 0
321 0 0 0 0
322 0 0 0 0
323 0 0 0 0
324 0 0 0 0
325 0 0 0 0
326 0 0 0 0
327 0 0 0 0
328 0 0 0 0
329 0 0 0 0
330 0 0 0 0
331 0 0 0 0
332 0 0 0 0
333 0 0 0 0
334 0 0 0 0
335 0 0 0 0
336 0 0 0 0
337 0 0 0 0
338 5 284 4 208
339 0 0 0 0
340 4 286 2 182
341 0 0 0 0
342 0 0 0 0
343 0 0 0 0
344 0 0 0 0
345 0 0 0 0
346 0 0 0 0
347 2 289 2 1222
348 0 0 0 0
349 0 0 0 0
350 0 0 0 0
351 0 0 0 0
352 0 0 0 0
353 0 0 0 0
354 0 0 0 0
355 0 0 0 0
356 0 0 0 0
357 0 0 0 0
358 0 0 0 0
359 2 229 2 1261
360 0 0 0 0
361 2 281 1 364
362 2 221 1 360
363 1 60 0 0
364 1 60 0 0
365 0 0 0 0
366 1 60 0 0
367 0 0 0 0
368 2 228 2 1243
369 2 80 1 40
370 1 60 0 0
371 0 0 0 0
372 6 450 5 1438
373 2 104 1 52
374 2 143 1 91
375 0 0 0 0
376 0 0 0 0
377 0 0 0 0
378 0 0 0 0
379 1 60 0 0
380 0 0 0 0
381 0 0 0 0
382 0 0 0 0
383 1 60 0 0
384 9 697 3 1180
385 2 199 0 0
386 4 390 1 60
387 7 633 4 356
388 5 383 2 1243
389 1 139 0 0
390 0 0 0 0
391 2 199 0 0
392 5 347 5 416
393 9 594 5 260
394 0 0 0 0
395 0 0 0 0
396 0 0 0 0
397 1 139 0 0
398 0 0 0 0
399 0 0 0 0
400 0 0 0 0
401 0 0 0 0
402 0 0 0 0
403 0 0 0 0
404 0 0 0 0
405 0 0 0 0
406 2 112 1 40
407 2 120 0 0
408 1 60 0 0
409 2 120 0 0
410 2 120 0 0
411 0 0 0 0
412 3 251 1 60
413 3 156 4 356
414 0 0 0 0
415 0 0 0 0
416 0 0 0 0
417 0 0 0 0
418 0 0 0 0
419 0 0 0 0
420 0 0 0 0
421 0 0 0 0
422 0 0 0 0
423 0 0 0 0
424 0 0 0 0
425 3 183 2 80
426 0 0 0 0
427 0 0 0 0
428 4 271 2 104
429 0 0 0 0
430 0 0 0 0
431 0 0 0 0
432 0 0 0 0
433 0 0 0 0
434 0 0 0 0
435 0 0 0 0
436 0 0 0 0
437 0 0 0 0
438 0 0 0 0
439 0 0 0 0
440 0 0 0 0
441 0 0 0 0
442 0 0 0 0
443 0 0 0 0
444 0 0 0 0
445 0 0 0 0
446 3 195 1 91
447 0 0 0 0
448 0 0 0 0
449 0 0 0 0
450 0 0 0 0
451 0 0 0 0
452 0 0 0 0
453 0 0 0 0
454 0 0 0 0
455 0 0 0 0
456 0 0 0 0
457 0 0 0 0
458 0 0 0 0
459 0 0 0 0
460 0 0 0 0
461 0 0 0 0
462 0 0 0 0
463 0 0 0 0
464 0 0 0 0
465 0 0 0 0
466 0 0 0 0
467 0 0 0 0
468 0 0 0 0
469 0 0 0 0
470 0 0 0 0
471 0 0 0 0
472 0 0 0 0
473 0 0 0 0
474 0 0 0 0
475 9 921 5 2704
476 0 0 0 0
477 0 0 0 0
478 0 0 0 0
479 0 0 0 0
480 0 0 0 0
481 0 0 0 0
482 0 0 0 0
483 0 0 0 0
484 0 0 0 0
485 0 0 0 0
486 0 0 0 0
487 0 0 0 0
488 0 0 0 0
489 0 0 0 0
490 0 0 0 0
491 0 0 0 0
492 7 1001 7 1001
493 0 0 0 0
494 0 0 0 0
495 0 0 0 0
496 18 2289 18 22924
497 84 6306 93 126385
498 130 17647 157 306682
499 70 10699 71 41324
500 0 0 1 52
501 0 0 0 0
502 56 9140 52 17445
503 224 20642 241 720289
504 264 30285 245 675807
505 132 20572 96 84114
506 128 36376 97 98555
507 18 1168 19 109113
508 134 12561 144 246912
509 148 21899 147 465124
510 47 7994 41 23367
511 221 71691 171 116138
512 49 23172 34 14891
513 128 79141 101 36562
514 36 15898 9 3419
515 99 34090 71 27569
516 152 30761 133 118995
517 46 7774 42 24587
518 13 1974 14 4956
519 71 7703 70 101674
520 64 11034 59 18123
521 20 6571 12 1957
522 100 18966 84 45028
523 50 22782 40 11278
524 0 0 0 0
525 2 722 2 315
526 5 335 7 340
527 15 6026 13 1484
528 4 2222 2 493
529 8 4444 4 986
530 4 2222 2 493
531 7 2660 5 931
532 3 219 4 208
533 8 4444 4 986
534 0 0 0 0
535 2 706 2 221
536 0 0 0 0
537 0 0 0 0
538 1 926 1 52
539 1 52 1 522
540 0 0 0 0
541 3 156 3 156
542 0 0 0 0
543 0 0 0 0
544 0 0 0 0
545 0 0 0 0
546 6 3001 5 459
547 18 3829 14 2384
548 101 7874 132 520538
549 105 6578 121 215964
550 1 40 0 0
551 0 0 0 0
552 0 0 0 0
553 0 0 0 0
554 22 2293 21 35605
555 26 3057 24 9116
556 8 541 9 2317
557 17 2034 11 1395
558 24 1393 23 2913
559 0 0 0 0
560 4 2222 2 493
561 7 435 2 143
562 87 7102 98 180620
563 9 727 7 696
564 5 990 6 435
565 3 156 3 156
566 0 0 0 0
567 40 3736 40 30128
568 50 13430 37 4571
569 27 6362 39 3862
570 36 3233 42 12868
571 6 429 5 377
572 8 690 5 365
573 10 1338 7 391
574 12 848 11 808
575 47 3892 46 8264
576 30 5344 32 2190
577 0 0 0 0
578 5 338 4 286
579 4 286 3 234
580 4 286 4 286
581 6 443 5 391
582 4 286 3 234
583 6 374 2 166
584 14 1600 16 1061
585 11 995 20 8483
586 22 2204 38 4294
587 9 1101 15 1601
588 45 4713 71 87431
589 98 12266 134 237818
590 65 10760 76 94619
591 85 9554 75 229735
592 11 962 9 21012
593 0 0 1 64
594 2 150 2 150
595 0 0 0 0
596 0 0 0 0
597 2 143 2 143
598 0 0 0 0
599 0 0 0 0
600 0 0 0 0
601 0 0 0 0
602 0 0 0 0
603 0 0 0 0
604 0 0 0 0
605 2 150 1 98
606 2 150 2 150
607 0 0 0 0
608 0 0 0 0
609 0 0 0 0
610 0 0 0 0
611 0 0 0 0
612 0 0 0 0
613 2 150 2 150
614 0 0 0 0
615 0 0 0 0
616 2 143 1 91
617 0 0 0 0
618 0 0 0 0
619 0 0 0 0
620 6 303 3 171
621 4 262 2 170
622 0 0 0 0
623 2 143 2 143
624 0 0 0 0
625 0 0 0 0
626 10 715 8 611
627 2 143 1 91
628 0 0 0 0
629 16 971 10 695
630 6 429 3 273
631 10 644 5 396
632 9 490 6 327
633 17 1139 11 808
634 6 395 5 355
635 3 187 4 227
636 2 104 1 52
637 6 390 3 234
638 8 455 4 247
639 4 286 2 182
640 6 443 3 287
641 4 286 2 182
642 0 0 0 0
643 0 0 0 0
644 0 0 0 0
645 0 0 1 40
646 0 0 0 0
647 0 0 0 0
648 5 338 4 286
649 6 429 6 429
650 6 429 5 377
651 2 143 2 143
652 2 150 2 150
653 0 0 0 0
654 0 0 0 0
655 2 143 1 91
656 0 0 0 0
657 0 0 0 0
658 0 0 0 0
659 0 0 0 0
660 0 0 0 0
661 0 0 0 0
662 0 0 0 0
663 0 0 0 0
664 6 645 3 1341
665 2 150 2 150
666 0 0 0 0
667 0 0 0 0
668 9 1137 8 4655
669 4 271 3 156
670 0 0 0 0
671 2 150 2 150
672 0 0 0 0
673 4 271 4 208
674 4 223 2 80
675 4 271 2 104
676 5 323 5 284
677 0 0 0 0
678 4 215 3 187
679 4 271 3 156
680 12 813 10 511
681 0 0 0 0
682 17 992 11 524
683 4 271 2 104
684 30 1983 24 1350
685 4 223 2 80
686 16 1002 9 420
687 17 1251 13 1719
688 3 233 2 104
689 0 0 0 0
690 4 271 4 208
691 8 542 6 312
692 0 0 0 0
693 13 879 9 492
694 18 1202 16 847
695 0 0 0 0
696 0 0 0 0
697 2 204 1 1321
698 0 0 0 0
699 0 0 0 0
700 0 0 0 0
701 0 0 0 0
702 0 0 0 0
703 0 0 0 0
704 0 0 0 0
705 2 200 1 986
706 5 337 5 291
707 6 390 3 234
708 6 429 3 273
709 13 951 7 489
710 49 5483 53 14360
711 27 2913 41 3127
712 0 0 0 0
713 11 2184 16 1210
714 0 0 0 0
715 15 2280 15 2280
716 15 1693 17 1262
717 5 337 6 312
718 0 0 0 0
719 0 0 0 0
720 7 475 9 18267
721 42 3439 48 102219
722 110 16776 137 230389
723 0 0 0 0
724 0 0 0 0
725 7 441 7 395
726 0 0 0 0
727 0 0 0 0
728 0 0 0 0
729 0 0 0 0
730 0 0 0 0
731 170 19089 188 1291707
732 315 30370 314 1609222
733 44 3343 46 68813
734 235 21824 238 1096666
735 380 44394 368 578548
736 226 24195 219 399941
737 98 10626 85 183218
738 113 14309 115 92018
739 79 11640 85 130316
740 132 22900 122 103407
741 133 21095 153 281140
742 207 30511 197 354994
743 57 14891 58 17538
744 30 10541 31 12311
745 101 13745 96 162314
746 180 30728 168 201460
747 97 12272 102 337396
748 0 0 0 0
749 0 0 0 0
750 0 0 0 0
751 0 0 0 0
752 0 0 0 0
753 0 0 0 0
754 0 0 0 0
755 0 0 0 0
756 4 283 6 363
757 3 156 3 156
758 0 0 0 0
759 13 8096 9 1209
760 31 5291 25 134824
761 0 0 0 0
762 7 502 11 548
763 2 143 1 91
764 2 464 1 509
765 0 0 0 0
766 4 283 5 260
767 4 297 5 267
768 2 143 2 143
769 0 0 0 0
770 0 0 0 0
771 0 0 0 0
772 4 297 6 384
773 0 0 0 0
774 5 4469 3 897
775 0 0 0 0
776 0 0 0 0
777 0 0 0 0
778 0 0 0 0
779 0 0 0 0
780 3 234 4 286
781 1 52 0 0
782 0 0 0 0
783 0 0 0 0
784 0 0 0 0
785 0 0 0 0
786 0 0 0 0
787 0 0 0 0
788 0 0 0 0
789 5 4500 3 897
790 2 119 2 119
791 0 0 0 0
792 2 143 2 143
793 12 810 10 730
794 7 842 7 938
795 8 548 6 456
796 4 286 4 286
797 7 485 10 593
798 9 631 7 527
799 3 234 4 286
800 8 572 7 520
801 4 254 1 98
802 0 0 0 0
803 18 2252 16 9801
804 90 17898 94 50538
805 4 286 3 234
806 0 0 0 0
807 2 104 2 104
808 0 0 0 0
809 0 0 0 0
810 0 0 0 0
811 12 1566 12 1050
812 0 0 0 0
813 0 0 0 0
814 3 156 3 156
815 0 0 0 0
816 0 0 0 0
817 0 0 0 0
818 4 286 3 234
819 5 4469 3 897
820 0 0 0 0
821 12 1049 10 94724
822 2 143 1 91
823 0 0 0 0
824 2 465 1 509
825 0 0 0 0
826 0 0 0 0
827 2 143 1 91
828 0 0 0 0
829 0 0 0 0
830 0 0 0 0
831 0 0 0 0
832 39 8098 33 202952
833 0 0 0 0
834 5 4500 3 897
835 0 0 0 0
836 0 0 0 0
837 0 0 0 0
838 0 0 0 0
839 4 286 2 182
840 0 0 0 0
841 0 0 0 0
842 0 0 0 0
843 0 0 0 0
844 0 0 0 0
845 0 0 0 0
846 0 0 0 0
847 26 1442 22 1096
848 0 0 0 0
849 12 4888 9 1212
850 8 478 7 364
851 2 143 2 143
852 12 810 8 626
853 6 429 4 325
854 91 6309 92 885590
855 18 2365 16 3729
856 5 373 4 317
857 8 501 4 293
858 6 366 3 222
859 2 143 1 91
860 2 150 1 98
861 6 288 3 144
862 2 143 2 143
863 26 1834 18 1418
864 11 5824 5 1079
865 3 156 3 156
866 0 0 0 0
867 0 0 0 0
868 0 0 0 0
869 0 0 0 0
870 3 195 2 143
871 0 0 0 0
872 0 0 0 0
873 0 0 0 0
874 0 0 0 0
875 5 323 2 128
876 0 0 4 160
877 4 286 3 234
878 0 0 0 0
879 6 5874 4 961
880 2 167 0 0
881 1 52 2 104
882 0 0 0 0
883 0 0 0 0
884 8 3740 5 1331
885 0 0 0 0
886 0 0 0 0
887 0 0 0 0
888 0 0 0 0
889 0 0 0 0
890 0 0 0 0
891 6 429 5 377
892 8 542 6 312
893 0 0 0 0
894 5 4488 4 949
895 0 0 0 0
896 0 0 0 0
897 0 0 0 0
898 0 0 0 0
899 0 0 0 0
900 0 0 0 0
901 0 0 0 0
902 21 2344 18 1346
903 72 18960 62 19126
904 48 5453 44 20925
905 22 1411 17 908
906 10 709 6 312
907 12 765 7 340
908 4 271 3 156
909 12 813 8 416
910 9 2261 10 659
911 4 334 0 0
912 5 323 6 312
913 6 428 5 299
914 0 0 0 0
915 0 0 0 0
916 21 1498 15 780
917 6 438 4 208
918 7 2035 10 1285
919 312 23993 306 586695
920 1 91 0 0
921 6 507 2 143
922 5 260 5 455
923 0 0 0 0
924 0 0 0 0
925 0 0 0 0
926 0 0 0 0
927 0 0 0 0
928 0 0 0 0
929 0 0 0 0
930 0 0 0 0
931 8 542 5 260
932 0 0 0 0
933 0 0 0 0
934 0 0 0 0
935 0 0 0 0
936 0 0 0 0
937 0 0 0 0
938 0 0 0 0
939 0 0 0 0
940 0 0 0 0
941 2 396 1 1568
942 1 91 0 0
943 2 212 1 91
944 5 420 4 1437
945 0 0 0 0
946 0 0 0 0
947 4 402 2 1274
948 2 245 1 156
949 4 286 3 234
950 0 0 0 0
951 0 0 0 0
952 0 0 0 0
953 0 0 0 0
954 0 0 0 0
955 0 0 0 0
956 2 212 1 918
957 2 206 1 1003
958 2 242 1 160
959 2 202 1 160
960 4 380 4 355
961 5 338 4 286
962 6 429 6 429
963 0 0 0 0
964 0 0 0 0
965 0 0 0 0
966 0 0 0 0
967 0 0 0 0
968 0 0 0 0
969 0 0 0 0
970 3 287 2 1151
971 2 143 2 143
972 0 0 0 0
973 0 0 0 0
974 3 219 2 104
975 18 1323 13 712
976 0 0 0 0
977 5 483 4 286
978 4 299 2 1090
979 6 554 4 2019
980 4 421 3 2216
981 20 1125 19 161912
982 0 0 0 0
983 2 311 1 172
984 0 0 0 0
985 0 0 0 0
986 0 0 0 0
987 0 0 0 0
988 0 0 0 0
989 0 0 0 0
990 0 0 0 0
991 0 0 0 0
992 0 0 0 0
993 0 0 0 0
994 0 0 0 0
995 0 0 0 0
996 0 0 0 0
997 0 0 0 0
998 0 0 0 0
999 2 135 0 0
1000 1 52 1 52
1001 2 143 1 91
1002 5 386 0 0
1003 2 104 5 260
1004 0 0 0 0
1005 0 0 0 0
1006 0 0 0 0
1007 0 0 0 0
1008 0 0 0 0
1009 3 251 1 60
1010 3 156 4 356
1011 0 0 0 0
1012 0 0 0 0
1013 0 0 0 0
1014 3 876 0 0
1015 12 1432 13 5188
1016 0 0 0 0
1017 0 0 0 0
1018 6 399 1 91
1019 6 390 7 442
1020 6 429 3 273
1021 0 0 0 0
1022 0 0 0 0
1023 0 0 0 0
1024 3 219 2 104
1025 0 0 0 0
1026 0 0 0 0
1027 0 0 0 0
1028 0 0 0 0
1029 0 0 0 0
1030 0 0 0 0
1031 0 0 0 0
1032 0 0 0 0
1033 0 0 0 0
1034 0 0 0 0
1035 4 286 2 182
1036 0 0 0 0
1037 0 0 0 0
1038 0 0 0 0
1039 1 91 0 0
1040 1 52 1 91
1041 0 0 0 0
1042 0 0 0 0
1043 0 0 0 0
1044 0 0 0 0
1045 0 0 0 0
1046 0 0 0 0
1047 0 0 0 0
1048 0 0 0 0
1049 0 0 0 0
1050 0 0 0 0
1051 0 0 0 0
1052 0 0 0 0
1053 2 272 1 1075
1054 4 271 3 156
1055 0 0 0 0
1056 0 0 0 0
1057 2 212 1 1041
1058 0 0 0 0
1059 0 0 0 0
1060 0 0 0 0
1061 0 0 0 0
1062 0 0 0 0
1063 10 1103 5 1821
1064 5 627 2 1147
1065 5 478 3 1456
1066 0 0 0 0
1067 0 0 0 0
1068 0 0 0 0
1069 0 0 0 0
1070 0 0 0 0
1071 0 0 0 0
1072 3 219 2 104
1073 6 438 4 208
1074 10 709 6 312
1075 0 0 0 0
1076 11 1362 8 5401
1077 37 6171 44 4485
1078 61 8707 55 28026
1079 14 3837 19 16342
1080 5 1963 7 503
1081 0 0 0 0
1082 0 0 0 0
1083 171 21609 191 180887
1084 267 31520 253 453726
1085 210 30479 172 154564
1086 255 31990 236 325853
1087 178 22247 165 168934
1088 22 4466 33 3719
1089 0 0 0 0
1090 0 0 0 0
1091 0 0 0 0
1092 3 199 5 267
1093 0 0 0 0
1094 0 0 0 0
1095 0 0 0 0
1096 2 128 3 132
1097 5 284 6 288
1098 4 271 4 223
1099 0 0 0 0
1100 3 592 2 362
1101 2 135 2 104
1102 0 0 0 0
1103 0 0 0 0
1104 0 0 0 0
1105 0 0 0 0
1106 4 283 6 300
1107 0 0 0 0
1108 0 0 0 0
1109 0 0 0 0
1110 0 0 0 0
1111 0 0 0 0
1112 3 681 1 60
1113 19 4664 26 33142
1114 2 1179 3 242
1115 3 592 2 362
1116 0 0 0 0
1117 0 0 0 0
1118 0 0 0 0
1119 0 0 0 0
1120 0 0 0 0
1121 0 0 0 0
1122 0 0 0 0
1123 4 271 4 223
1124 0 0 0 0
1125 0 0 0 0
1126 0 0 0 0
1127 0 0 0 0
1128 0 0 0 0
1129 0 0 0 0
1130 3 593 2 362
1131 0 0 0 0
1132 0 0 0 0
1133 0 0 0 0
1134 0 0 0 0
1135 2 143 2 143
1136 2 143 2 143
1137 0 0 0 0
1138 0 0 0 0
1139 0 0 0 0
1140 0 0 0 0
1141 14 2105 12 4249
1142 17 1172 13 976
1143 8 572 7 520
1144 12 831 7 595
1145 16 1454 14 1173
1146 6 429 6 429
1147 2 104 2 104
1148 0 0 0 0
1149 0 0 0 0
1150 0 0 0 0
1151 6 399 8 380
1152 0 0 0 0
1153 61 3548 68 497627
1154 2 164 1 179
1155 7 1053 7 1053
1156 1 87 2 135
1157 0 0 0 0
1158 0 0 0 0
1159 0 0 0 0
1160 3 594 2 362
1161 0 0 0 0
1162 0 0 0 0
1163 0 0 0 0
1164 0 0 0 0
1165 3 156 3 156
1166 8 517 7 44511
1167 0 0 0 0
1168 0 0 0 0
1169 0 0 0 0
1170 0 0 0 0
1171 4 286 4 286
1172 0 0 0 0
1173 0 0 0 0
1174 0 0 0 0
1175 3 593 2 362
1176 0 0 0 0
1177 0 0 0 0
1178 0 0 0 0
1179 0 0 0 0
1180 0 0 0 0
1181 0 0 0 0
1182 2 143 1 91
1183 0 0 0 0
1184 9 580 9 54821
1185 10 522 10 63953
1186 9 684 4 331
1187 18 2029 17 1441
1188 32 5272 44 8726
1189 0 0 0 0
1190 2 166 0 0
1191 0 0 0 0
1192 0 0 0 0
1193 7 2066 8 555
1194 4 309 1 91
1195 2 143 1 91
1196 0 0 0 0
1197 0 0 0 0
1198 20 6322 22 7990
1199 150 20032 141 292325
1200 179 24166 154 258709
1201 168 33422 155 405858
1202 172 29008 155 160963
1203 201 31689 182 401093
1204 159 24062 159 111140
1205 33 4195 30 23313
1206 172 19774 168 734453
1207 58 8265 68 23443
1208 32 7280 41 36120
1209 27 3441 25 47019
1210 14 1376 11 42255
1211 35 3580 32 80970
1212 115 10999 120 894062
1213 41 4486 39 315263
1214 34 4511 30 76619
1215 8 4480 6 1053
1216 0 0 0 0
1217 1 83 0 0
1218 0 0 0 0
1219 0 0 0 0
1220 1 83 0 0
1221 0 0 0 0
1222 0 0 0 0
1223 0 0 0 0
1224 0 0 0 0
1225 0 0 0 0
1226 0 0 0 0
1227 0 0 0 0
1228 0 0 0 0
1229 4 286 2 182
1230 4 4272 0 0
1231 26 2432 24 91743
1232 0 0 0 0
1233 1 98 0 0
1234 3 363 3 202
1235 51 17072 56 6528
1236 18 2185 25 6882
1237 0 0 0 0
1238 0 0 0 0
1239 0 0 0 0
1240 4 232 3 385
1241 0 0 0 0
1242 5 1975 6 451
1243 0 0 1 52
1244 2 119 2 119
1245 0 0 0 0
1246 0 0 0 0
1247 28 2985 35 2676
1248 4 302 2 104
1249 0 0 0 0
1250 27 3037 25 14752
1251 16 2009 16 9661
1252 18 1968 16 8076
1253 37 3303 57 8666
1254 43 4526 39 19873
1255 127 6856 146 729214
1256 63 8963 79 120284
1257 197 19134 211 440978
1258 167 21329 177 77409
1259 117 9962 138 127437
1260 98 10402 137 51644
1261 253 26239 309 184849
1262 155 16577 172 155259
1263 5 338 4 286
1264 4 286 4 286
1265 6 436 5 384
1266 8 572 7 520
1267 0 0 0 0
1268 0 0 0 0
1269 0 0 0 0
1270 2 143 2 143
1271 2 119 1 79
1272 2 143 1 91
1273 0 0 0 0
1274 0 0 0 0
1275 5 1987 7 503
1276 0 0 0 0
1277 0 0 0 0
1278 0 0 0 0
1279 13 2926 19 2015
1280 0 0 0 0
1281 0 0 0 0
1282 0 0 0 0
1283 6 438 4 208
1284 0 0 0 0
1285 0 0 0 0
1286 0 0 0 0
1287 5 1993 7 503
1288 0 0 0 0
1289 0 0 0 0
1290 2 143 1 91
1291 0 0 0 0
1292 1 98 0 0
1293 3 195 3 241
1294 0 0 0 0
1295 0 0 0 0
1296 0 0 0 0
1297 0 0 0 0
1298 0 0 0 0
1299 0 0 0 0
1300 0 0 0 0
1301 0 0 0 0
1302 2 119 2 119
1303 0 0 0 0
1304 0 0 0 0
1305 0 0 0 0
1306 0 0 0 0
1307 0 0 0 0
1308 0 0 0 0
1309 1 60 0 0
1310 3 203 2 143
1311 7 2132 9 646
1312 3 251 1 60
1313 7 427 7 588
1314 0 0 0 0
1315 2 143 2 143
1316 21 1363 16 1041
1317 15 1045 14 962
1318 6 429 6 429
1319 10 715 7 559
1320 4 286 3 234
1321 8 579 4 371
1322 2 143 1 91
1323 4 286 2 182
1324 18 1228 10 804
1325 1 52 1 98
1326 0 0 0 0
1327 0 0 0 0
1328 2 143 2 143
1329 0 0 0 0
1330 2 143 1 91
1331 0 0 0 0
1332 5 1987 6 451
1333 0 0 0 0
1334 0 0 0 0
1335 0 0 0 0
1336 0 0 0 0
1337 2 143 2 143
1338 0 0 0 0
1339 0 0 0 0
1340 0 0 0 0
1341 0 0 0 0
1342 0 0 0 0
1343 0 0 0 0
1344 5 1981 7 503
1345 30 4604 25 6746
1346 290 38665 270 531001
1347 86 7817 87 236350
1348 2 143 1 91
1349 2 128 3 156
1350 3 180 2 104
1351 0 0 0 0
1352 0 0 0 0
1353 71 6375 69 380301
1354 0 0 0 0
1355 10 571 8 783
1356 2 104 2 104
1357 2 258 2 104
1358 18 2309 17 2963
1359 42 6647 41 8642
1360 30 3064 34 9996
1361 25 4970 25 2340
1362 218 18213 217 501208
1363 248 21365 238 913606
1364 201 17955 202 1092587
1365 73 6685 51 195250
1366 90 10404 77 195654
1367 21 1092 22 316515
1368 23 1650 20 221943
1369 2 143 1 91
1370 19 1245 16 866
1371 11 1149 10 25422
1372 126 10319 116 771323
1373 93 9400 71 83341
1374 92 8908 75 89144
1375 110 10740 96 439959
1376 26 1493 26 222234
1377 12 777 10 201993
1378 37 3061 30 18764
1379 18 1279 14 19206
1380 9 808 7 3726
1381 68 5246 57 484537
1382 25 2213 27 45141
1383 202 22282 184 160626
1384 87 8873 78 130525
1385 3 286 2 3007
1386 8 625 6 20541
1387 30 3149 25 108427
1388 2 224 1 767
1389 13 770 12 207465
1390 52 4672 47 230934
1391 15 1435 10 43182
1392 8 952 5 3619
1393 6 620 7 26911
1394 4 455 4 2184
1395 3 241 3 12246
1396 4 804 3 1695
1397 14 3086 11 17718
1398 38 5159 33 182274
1399 4 1339 2 1155
1400 8 1555 6 3359
1401 4 271 2 104
1402 0 0 0 0
1403 0 0 0 0
1404 4 423 2 1159
1405 4 262 3 222
1406 0 0 0 0
1407 0 0 0 0
1408 0 0 0 0
1409 16 2730 13 26873
1410 30 3197 27 100519
1411 5 372 4 42970
1412 0 0 0 0
1413 10 1222 8 47512
1414 0 0 0 0
1415 0 0 0 0
1416 0 0 0 0
1417 0 0 0 0
1418 2 143 2 143
1419 0 0 0 0
1420 0 0 0 0
1421 12 810 11 770
1422 12 819 10 664
1423 4 271 3 156
1424 4 286 3 234
1425 4 239 3 187
1426 19 2400 15 73096
1427 4 271 3 156
1428 0 0 0 0
1429 12 813 12 624
1430 0 0 0 0
1431 0 0 0 0
1432 19 1327 17 102742
1433 13 1880 13 10372
1434 0 0 0 0
1435 0 0 0 0
1436 0 0 0 0
1437 21 1561 21 23061
1438 19 1270 23 2833
1439 6 561 6 451
1440 51 6896 49 8750
1441 36 6492 43 13549
1442 81 14504 78 32456
1443 268 43135 304 121147
1444 38 6891 57 59657
1445 107 18269 111 233094
1446 0 0 0 0
1447 0 0 0 0
1448 0 0 0 0
1449 2 150 1 98
1450 2 150 1 98
1451 2 143 1 91
1452 0 0 0 0
1453 2 143 2 143
1454 27 2199 32 46369
1455 2 164 2 435
1456 8 1140 8 1136
1457 27 2590 29 78964
1458 3 156 4 1766
1459 0 0 0 0
1460 0 0 0 0
1461 0 0 0 0
1462 0 0 0 0
1463 36 6694 18 1050
1464 1 1452 0 0
1465 0 0 0 0
1466 1 1452 0 0
1467 0 0 0 0
1468 0 0 0 0
1469 0 0 0 0
1470 26 4863 33 40967
1471 47 5545 71 75011
1472 55 9402 71 236799
1473 18 4758 28 3094
1474 0 0 0 0
1475 0 0 0 0
1476 0 0 0 0
1477 2 104 1 52
1478 0 0 0 0
1479 3 156 2 116
1480 10 754 8 596
1481 0 0 0 0
1482 4 286 2 182
1483 0 0 0 0
1484 0 0 0 0
1485 0 0 0 0
1486 0 0 0 0
1487 0 0 0 0
1488 0 0 0 0
1489 0 0 0 0
1490 0 0 0 0
1491 5 377 3 246
1492 0 0 0 0
1493 0 0 0 0
1494 0 0 0 0
1495 0 0 0 0
1496 0 0 0 0
1497 0 0 0 0
1498 0 0 0 0
1499 0 0 0 0
1500 4 286 4 286
1501 2 143 2 143
1502 6 429 6 429
1503 0 0 0 0
1504 0 0 0 0
1505 0 0 0 0
1506 0 0 0 0
1507 3 248 2 162
1508 3 248 2 162
1509 3 234 2 155
1510 0 0 0 0
1511 2 143 1 91
1512 0 0 0 0
1513 2 119 1 79
1514 0 0 0 0
1515 0 0 0 0
1516 2 143 1 91
1517 4 223 3 120
1518 0 0 0 0
1519 0 0 0 0
1520 0 0 0 0
1521 0 0 0 0
1522 2 143 1 91
1523 0 0 0 0
1524 0 0 0 0
1525 0 0 0 0
1526 0 0 0 0
1527 0 0 0 0
1528 0 0 0 0
1529 3 195 2 143
1530 6 315 8 383
1531 8 572 8 572
1532 0 0 0 0
1533 4 271 4 208
1534 9 657 6 312
1535 0 0 0 0
1536 8 542 5 260
1537 0 0 0 0
1538 0 0 0 0
1539 0 0 0 0
1540 7 2081 6 451
1541 0 0 0 0
1542 0 0 0 0
1543 0 0 0 0
1544 0 0 0 0
1545 0 0 0 0
1546 0 0 0 0
1547 12 1751 12 902
1548 0 0 0 0
1549 12 1934 11 1882
1550 2 143 2 143
1551 0 0 0 0
1552 0 0 0 0
1553 0 0 0 0
1554 12 722 16 23359
1555 101 11271 123 160314
1556 24 2252 23 2351
1557 0 0 0 0
1558 46 5753 43 31058
1559 200 19428 242 491054
1560 18 1627 14 20634
1561 2 143 1 91
1562 10 964 9 2204
1563 0 0 0 0
1564 0 0 0 0
1565 4 271 3 156
1566 0 0 0 0
1567 0 0 0 0
1568 0 0 0 0
1569 0 0 0 0
1570 0 0 0 0
1571 0 0 0 0
1572 0 0 0 0
1573 0 0 0 0
1574 0 0 0 0
1575 6 414 3 195
1576 0 0 0 0
1577 0 0 0 0
1578 0 0 0 0
1579 0 0 0 0
1580 0 0 0 0
1581 0 0 0 0
1582 0 0 0 0
1583 0 0 0 0
1584 0 0 0 0
1585 0 0 0 0
1586 0 0 0 0
1587 0 0 0 0
1588 0 0 0 0
1589 0 0 0 0
1590 3 774 3 416
1591 0 0 0 0
1592 0 0 0 0
1593 0 0 0 0
1594 0 0 0 0
1595 0 0 0 0
1596 0 0 0 0
1597 0 0 0 0
1598 0 0 0 0
1599 0 0 0 0
1600 0 0 0 0
1601 0 0 0 0
1602 0 0 0 0
1603 8 542 5 260
1604 0 0 0 0
1605 0 0 0 0
1606 0 0 0 0
1607 0 0 0 0
1608 0 0 0 0
1609 1 60 0 0
1610 1 60 0 0
1611 0 0 0 0
1612 8 550 6 312
1613 6 414 5 299
1614 6 414 5 299
1615 6 429 6 429
1616 1 60 0 0
1617 4 286 4 286
1618 2 143 1 91
1619 0 0 0 0
1620 0 0 0 0
1621 0 0 0 0
1622 0 0 0 0
1623 0 0 0 0
1624 0 0 0 0
1625 4 390 1 60
1626 3 156 4 356
1627 2 265 2 1112
1628 36 2107 34 166966
1629 0 0 0 0
1630 0 0 0 0
1631 2 212 1 963
1632 0 0 0 0
1633 0 0 0 0
1634 0 0 0 0
1635 0 0 0 0
1636 0 0 0 0
1637 0 0 0 0
1638 0 0 0 0
1639 2 194 1 851
1640 0 0 0 0
1641 0 0 0 0
1642 0 0 0 0
1643 0 0 0 0
1644 0 0 0 0
1645 0 0 0 0
1646 0 0 0 0
1647 0 0 0 0
1648 0 0 0 0
1649 0 0 0 0
1650 0 0 0 0
1651 0 0 0 0
1652 5 514 3 2123
1653 0 0 0 0
1654 0 0 0 0
1655 0 0 0 0
1656 0 0 0 0
1657 0 0 0 0
1658 0 0 0 0
1659 3 824 2 208
1660 0 0 0 0
1661 2 291 1 170
1662 0 0 0 0
1663 0 0 0 0
1664 0 0 0 0
1665 0 0 0 0
1666 0 0 0 0
1667 0 0 0 0
1668 0 0 0 0
1669 0 0 0 0
1670 0 0 0 0
1671 0 0 0 0
1672 2 143 1 91
1673 2 143 1 91
1674 6 429 3 273
1675 0 0 0 0
1676 4 286 2 182
1677 2 212 1 1227
1678 0 0 0 0
1679 0 0 0 0
1680 0 0 0 0
1681 0 0 0 0
1682 0 0 0 0
1683 2 264 1 1141
1684 4 396 2 1341
1685 0 0 0 0
1686 2 217 1 1317
1687 2 143 1 91
1688 0 0 0 0
1689 0 0 0 0
1690 0 0 0 0
1691 0 0 0 0
1692 0 0 0 0
1693 0 0 0 0
1694 0 0 0 0
1695 0 0 0 0
1696 2 210 1 1055
1697 6 409 5 32223
1698 0 0 0 0
1699 2 207 1 1014
1700 0 0 0 0
1701 0 0 0 0
1702 0 0 0 0
1703 2 232 1 1244
1704 0 0 0 0
1705 0 0 0 0
1706 0 0 0 0
1707 0 0 0 0
1708 0 0 0 0
1709 0 0 0 0
1710 0 0 0 0
1711 0 0 0 0
1712 0 0 0 0
1713 0 0 0 0
1714 0 0 0 0
1715 0 0 0 0
1716 0 0 0 0
1717 0 0 0 0
1718 0 0 0 0
1719 0 0 0 0
1720 0 0 0 0
1721 0 0 0 0
1722 0 0 0 0
1723 0 0 0 0
1724 0 0 0 0
1725 3 219 2 104
1726 10 709 7 364
1727 3 219 2 104
1728 7 1105 6 424
1729 4 271 4 208
1730 0 0 0 0
1731 0 0 0 0
1732 0 0 0 0
1733 0 0 0 0
1734 13 2267 12 4086
1735 0 0 0 0
1736 1 158 0 0
1737 2 200 1 928
1738 1 52 1 872
1739 4 427 4 1283
1740 0 0 0 0
1741 0 0 0 0
1742 0 0 0 0
1743 0 0 0 0
1744 0 0 0 0
1745 0 0 0 0
1746 0 0 0 0
1747 0 0 0 0
1748 0 0 0 0
1749 0 0 0 0
1750 1 216 0 0
1751 1 52 1 1133
1752 0 0 0 0
1753 0 0 0 0
1754 0 0 0 0
1755 4 284 3 228
1756 0 0 0 0
1757 2 139 2 135
1758 0 0 0 0
1759 0 0 0 0
1760 0 0 0 0
1761 0 0 0 0
1762 0 0 0 0
1763 0 0 0 0
1764 0 0 0 0
1765 0 0 0 0
1766 0 0 0 0
1767 0 0 0 0
1768 0 0 0 0
1769 0 0 0 0
1770 0 0 0 0
1771 0 0 0 0
1772 0 0 0 0
1773 0 0 0 0
1774 0 0 0 0
1775 0 0 0 0
1776 0 0 0 0
1777 0 0 0 0
1778 0 0 0 0
1779 0 0 0 0
1780 0 0 0 0
1781 0 0 0 0
1782 0 0 0 0
1783 0 0 0 0
1784 0 0 0 0
1785 0 0 0 0
1786 0 0 0 0
1787 0 0 0 0
1788 0 0 0 0
1789 0 0 0 0
1790 0 0 0 0
1791 0 0 0 0
1792 0 0 0 0
1793 2 143 2 143
1794 0 0 0 0
1795 0 0 0 0
1796 0 0 0 0
1797 0 0 0 0
1798 0 0 0 0
1799 0 0 0 0
1800 0 0 0 0
1801 0 0 0 0
1802 0 0 0 0
1803 0 0 0 0
1804 0 0 0 0
1805 0 0 0 0
1806 0 0 0 0
1807 0 0 0 0
1808 0 0 0 0
1809 2 143 1 91
1810 0 0 0 0
1811 0 0 0 0
1812 0 0 0 0
1813 0 0 0 0
1814 2 143 1 91
1815 2 276 1 1078
1816 0 0 0 0
1817 0 0 0 0
1818 0 0 0 0
1819 0 0 0 0
1820 0 0 0 0
1821 0 0 0 0
1822 0 0 0 0
1823 0 0 0 0
1824 0 0 0 0
1825 0 0 0 0
1826 0 0 0 0
1827 0 0 0 0
1828 0 0 0 0
1829 0 0 0 0
1830 0 0 0 0
1831 0 0 0 0
1832 0 0 0 0
1833 0 0 0 0
1834 0 0 0 0
1835 0 0 0 0
1836 0 0 0 0
1837 0 0 0 0
1838 0 0 0 0
1839 0 0 0 0
1840 0 0 0 0
1841 0 0 0 0
1842 0 0 0 0
1843 0 0 0 0
1844 0 0 0 0
1845 0 0 0 0
1846 0 0 0 0
1847 0 0 0 0
1848 0 0 0 0
1849 0 0 0 0
1850 0 0 0 0
1851 0 0 0 0
1852 2 143 1 91
1853 0 0 0 0
1854 0 0 0 0
1855 0 0 0 0
1856 0 0 0 0
1857 0 0 0 0
1858 0 0 0 0
1859 0 0 0 0
1860 0 0 0 0
1861 0 0 0 0
1862 0 0 0 0
1863 0 0 0 0
1864 0 0 0 0
1865 0 0 0 0
1866 0 0 0 0
1867 4 271 5 248
1868 0 0 0 0
1869 0 0 0 0
1870 0 0 0 0
1871 0 0 0 0
1872 0 0 0 0
1873 0 0 0 0
1874 2 143 1 91
1875 0 0 0 0
1876 0 0 0 0
1877 0 0 0 0
1878 0 0 0 0
1879 0 0 0 0
1880 0 0 0 0
1881 4 474 2 1912
1882 0 0 0 0
1883 0 0 0 0
1884 0 0 0 0
1885 0 0 0 0
1886 0 0 0 0
1887 0 0 0 0
1888 0 0 0 0
1889 0 0 0 0
1890 0 0 0 0
1891 0 0 0 0
1892 0 0 0 0
1893 0 0 0 0
1894 0 0 0 0
1895 0 0 0 0
1896 0 0 0 0
1897 0 0 0 0
1898 0 0 0 0
1899 0 0 0 0
1900 0 0 0 0
1901 6 1096 3 1143
1902 46 3194 46 81704
1903 0 0 0 0
1904 0 0 0 0
1905 3 219 2 104
1906 0 0 0 0
1907 0 0 0 0
1908 0 0 0 0
1909 3 251 1 60
1910 1 139 0 0
1911 1 139 0 0
1912 1 139 0 0
1913 0 0 0 0
1914 4 462 2 1021
1915 3 393 1 186
1916 4 506 2 1179
1917 5 669 2 370
1918 1 52 1 186
1919 0 0 0 0
1920 1 139 0 0
1921 0 0 0 0
1922 0 0 0 0
1923 0 0 0 0
1924 137 10928 153 394184
1925 89 13426 93 85761
1926 16 1499 22 2487
1927 7 766 10 747
1928 0 0 0 0
1929 72 7475 68 34336
1930 46 3821 69 49492
1931 39 3336 51 24571
1932 40 3542 55 14977
1933 12 1426 16 17793
1934 93 10514 130 225142
1935 142 17612 178 300754
1936 143 11088 125 207249
1937 14 1331 9 14376
1938 3 330 1 60
1939 3 259 0 0
1940 1 139 0 0
1941 0 0 0 0
1942 0 0 0 0
1943 2 199 0 0
1944 1 60 0 0
1945 2 120 0 0
1946 0 0 0 0
1947 3 445 0 0
1948 13 949 11 51082
1949 25 1564 23 156249
1950 1 52 1 40
1951 2 120 0 0
1952 5 347 5 416
1953 0 0 0 0
1954 0 0 0 0
1955 0 0 0 0
1956 0 0 0 0
1957 0 0 0 0
1958 126 11013 104 509791
1959 4 369 6 2093
1960 1 60 0 0
1961 0 0 0 0
1962 0 0 0 0
1963 0 0 0 0
1964 1 60 0 0
1965 2 120 0 0
1966 1 60 0 0
1967 2 120 0 0
1968 4 311 1 60
1969 1 139 0 0
1970 2 199 0 0
1971 3 259 0 0
1972 1 60 0 0
1973 1 139 0 0
1974 2 120 0 0
1975 0 0 0 0
1976 0 0 0 0
1977 0 0 0 0
1978 19 1233 14 59908
1979 107 7324 104 1065883
1980 7 467 5 416
1981 0 0 0 0
1982 2 120 0 0
1983 3 195 3 195
1984 9 585 8 533
1985 4 303 2 100
1986 3 156 4 356
1987 0 0 0 0
1988 0 0 0 0
1989 3 195 3 195
1990 0 0 0 0
1991 0 0 0 0
1992 2 143 3 195
1993 5 299 3 195
1994 7 442 5 338
1995 0 0 0 0
1996 0 0 0 0
1997 0 0 0 0
1998 0 0 0 0
1999 0 0 0 0
2000 0 0 0 0
2001 0 0 0 0
2002 0 0 0 0
2003 0 0 0 0
2004 0 0 0 0
2005 0 0 0 0
2006 0 0 0 0
2007 0 0 0 0
2008 0 0 0 0
2009 0 0 0 0
2010 0 0 0 0
2011 0 0 0 0
2012 0 0 0 0
2013 0 0 0 0
2014 0 0 0 0
2015 0 0 0 0
2016 0 0 0 0
2017 0 0 0 0
2018 0 0 0 0
2019 0 0 0 0
2020 0 0 0 0
2021 0 0 0 0
2022 7 697 3 300
2023 0 0 0 0
2024 0 0 0 0
2025 0 0 0 0
2026 0 0 0 0
2027 1 127 0 0
2028 6 557 4 2880
2029 0 0 0 0
2030 0 0 0 0
2031 0 0 0 0
2032 0 0 0 0
2033 0 0 0 0
2034 0 0 0 0
2035 0 0 0 0
2036 0 0 0 0
2037 0 0 0 0
2038 3 195 2 143
2039 0 0 0 0
2040 2 104 1 52
2041 0 0 0 0
2042 3 195 2 143
2043 9 702 0 0
2044 3 156 9 621
2045 0 0 0 0
2046 0 0 0 0
2047 0 0 0 0
2048 2 143 1 91
2049 0 0 0 0
2050 0 0 0 0
2051 2 143 1 91
2052 2 143 1 91
2053 4 286 2 182
2054 0 0 0 0
2055 0 0 0 0
2056 0 0 0 0
2057 2 139 2 135
2058 0 0 0 0
2059 0 0 0 0
2060 0 0 0 0
2061 0 0 0 0
2062 0 0 0 0
2063 0 0 0 0
2064 0 0 0 0
2065 0 0 0 0
2066 4 514 2 1366
2067 0 0 0 0
2068 0 0 0 0
2069 0 0 0 0
2070 0 0 0 0
2071 0 0 0 0
2072 0 0 0 0
2073 0 0 0 0
2074 0 0 0 0
2075 0 0 0 0
2076 0 0 0 0
2077 0 0 0 0
2078 0 0 0 0
2079 0 0 0 0
2080 0 0 0 0
2081 0 0 0 0
2082 0 0 0 0
2083 0 0 0 0
2084 0 0 0 0
2085 0 0 0 0
2086 0 0 0 0
2087 0 0 0 0
2088 0 0 0 0
2089 0 0 0 0
2090 0 0 0 0
2091 0 0 0 0
2092 0 0 0 0
2093 0 0 0 0
2094 0 0 0 0
2095 4 271 4 208
2096 12 813 11 572
2097 2 143 1 91
2098 0 0 0 0
2099 0 0 0 0
2100 0 0 0 0
2101 3 219 2 104
2102 0 0 0 0
2103 0 0 0 0
2104 4 271 3 156
2105 3 219 2 104
2106 7 490 5 260
2107 0 0 0 0
2108 0 0 0 0
2109 0 0 0 0
2110 0 0 0 0
2111 0 0 0 0
2112 0 0 0 0
2113 0 0 0 0
2114 0 0 0 0
2115 0 0 0 0
2116 0 0 0 0
2117 0 0 0 0
2118 0 0 0 0
2119 0 0 0 0
2120 0 0 0 0
2121 0 0 0 0
2122 0 0 0 0
2123 0 0 0 0
2124 2 143 1 91
2125 0 0 0 0
2126 0 0 0 0
2127 0 0 0 0
2128 0 0 0 0
2129 0 0 0 0
2130 0 0 0 0
2131 0 0 0 0
2132 0 0 0 0
2133 0 0 0 0
2134 0 0 0 0
2135 0 0 0 0
2136 0 0 0 0
2137 0 0 0 0
2138 0 0 0 0
2139 0 0 0 0
2140 0 0 0 0
2141 0 0 0 0
2142 0 0 0 0
2143 0 0 0 0
2144 0 0 0 0
2145 0 0 0 0
2146 0 0 0 0
2147 0 0 0 0
2148 0 0 0 0
2149 3 219 3 168
2150 0 0 0 0
2151 0 0 0 0
2152 0 0 0 0
2153 0 0 0 0
2154 0 0 0 0
2155 0 0 0 0
2156 0 0 0 0
2157 0 0 0 0
2158 0 0 0 0
2159 0 0 0 0
2160 0 0 0 0
2161 0 0 0 0
2162 0 0 0 0
2163 0 0 0 0
2164 0 0 0 0
2165 0 0 0 0
2166 0 0 0 0
2167 0 0 0 0
2168 0 0 0 0
2169 0 0 0 0
2170 0 0 0 0
2171 0 0 0 0
2172 0 0 0 0
2173 4 471 2 1440
2174 0 0 0 0
2175 0 0 0 0
2176 0 0 0 0
2177 0 0 0 0
2178 53 6011 40 3666
2179 43 5902 44 9411
2180 120 14740 92 40373
2181 30 4830 34 12069
2182 0 0 0 0
2183 21 2809 23 57114
2184 10 923 7 3124
2185 0 0 0 0
2186 0 0 0 0
2187 0 0 0 0
2188 0 0 0 0
2189 0 0 0 0
2190 0 0 0 0
2191 0 0 0 0
2192 2 215 1 1334
2193 0 0 0 0
2194 24 2700 19 30475
2195 0 0 0 0
2196 0 0 0 0
2197 0 0 0 0
2198 0 0 0 0
2199 0 0 0 0
2200 2 198 2 876
2201 0 0 0 0
2202 0 0 0 0
2203 0 0 0 0
2204 0 0 0 0
2205 0 0 0 0
2206 0 0 0 0
2207 0 0 0 0
2208 2 196 2 1229
2209 50 2734 56 93636
2210 0 0 0 0
2211 68 3746 66 148812
2212 2 194 1 1141
2213 0 0 0 0
2214 0 0 0 0
2215 0 0 0 0
2216 4 405 2 2132
2217 0 0 0 0
2218 10 746 8 46800
2219 0 0 0 0
2220 50 6153 42 169709
2221 41 3965 56 275910
2222 28 1812 26 155841
2223 2 295 1 1014
2224 2 257 1 191
2225 47 2689 47 362945
2226 0 0 0 0
2227 0 0 0 0
2228 0 0 0 0
2229 0 0 0 0
2230 0 0 0 0
2231 6 524 6 22940
2232 0 0 0 0
2233 4 403 2 2123
2234 0 0 0 0
2235 9 1334 5 19865
2236 18 1889 13 9574
2237 0 0 0 0
2238 2 143 1 91
2239 6 429 6 429
2240 0 0 0 0
2241 0 0 0 0
2242 2 143 2 143
2243 0 0 0 0
2244 0 0 0 0
2245 0 0 0 0
2246 0 0 0 0
2247 0 0 0 0
2248 0 0 0 0
2249 0 0 0 0
2250 0 0 0 0
2251 0 0 0 0
2252 0 0 0 0
2253 0 0 0 0
2254 0 0 0 0
2255 0 0 0 0
2256 0 0 0 0
2257 0 0 0 0
2258 0 0 0 0
2259 0 0 0 0
2260 0 0 0 0
2261 0 0 0 0
2262 4 392 2 1364
2263 0 0 0 0
2264 0 0 0 0
2265 0 0 0 0
2266 0 0 0 0
2267 0 0 0 0
2268 0 0 0 0
2269 0 0 0 0
2270 0 0 0 0
2271 0 0 0 0
2272 0 0 0 0
2273 0 0 0 0
2274 0 0 0 0
2275 0 0 0 0
2276 2 196 1 910
2277 5 437 5 39479
2278 0 0 0 0
2279 0 0 0 0
2280 12 1615 8 3131
2281 2 211 3 1250
2282 0 0 0 0
2283 0 0 0 0
2284 5 546 4 28792
2285 1 60 0 0
2286 1 60 0 0
2287 0 0 0 0
2288 11 747 13 123712
2289 0 0 0 0
2290 0 0 0 0
2291 0 0 0 0
2292 1 60 0 0
2293 0 0 0 0
2294 0 0 0 0
2295 0 0 0 0
2296 0 0 0 0
2297 2 143 1 91
2298 8 629 4 1740
2299 0 0 0 0
2300 0 0 0 0
2301 8 550 6 507
2302 0 0 0 0
2303 0 0 0 0
2304 5 461 3 1967
2305 0 0 0 0
2306 0 0 0 0
2307 0 0 0 0
2308 0 0 0 0
2309 0 0 0 0
2310 0 0 0 0
2311 0 0 0 0
2312 0 0 0 0
2313 0 0 0 0
2314 0 0 0 0
2315 0 0 0 0
2316 0 0 0 0
2317 0 0 0 0
2318 0 0 0 0
2319 0 0 0 0
2320 0 0 0 0
2321 0 0 0 0
2322 0 0 0 0
2323 0 0 0 0
2324 0 0 0 0
2325 0 0 0 0
2326 0 0 0 0
2327 0 0 0 0
2328 0 0 0 0
2329 0 0 0 0
2330 0 0 0 0
2331 0 0 0 0
2332 0 0 0 0
2333 0 0 0 0
2334 0 0 0 0
2335 0 0 0 0
2336 0 0 0 0
2337 0 0 0 0
2338 0 0 0 0
2339 0 0 0 0
2340 0 0 0 0
2341 0 0 0 0
2342 2 263 1 1189
2343 0 0 0 0
2344 0 0 0 0
2345 0 0 0 0
2346 0 0 0 0
2347 2 143 2 143
2348 0 0 0 0
2349 0 0 0 0
2350 3 219 2 104
2351 11 761 8 416
2352 0 0 0 0
2353 3 219 2 104
2354 4 529 2 2123
2355 0 0 0 0
2356 0 0 0 0
2357 2 139 1 83
2358 0 0 1 52
2359 0 0 0 0
2360 0 0 0 0
2361 7 1053 7 1053
2362 0 0 0 0
2363 0 0 0 0
2364 0 0 0 0
2365 0 0 0 0
2366 0 0 0 0
2367 2 439 1 964
2368 0 0 0 0
2369 1 264 1 52
2370 59 5785 49 224813
2371 3 156 3 156
2372 0 0 0 0
2373 0 0 0 0
2374 0 0 0 0
2375 0 0 0 0
2376 0 0 0 0
2377 0 0 0 0
2378 0 0 0 0
2379 0 0 0 0
2380 0 0 0 0
2381 0 0 0 0
2382 29 3814 25 24159
2383 111 12661 122 126098
2384 156 20586 166 251205
2385 55 5262 47 109612
2386 0 0 0 0
2387 0 0 0 0
2388 0 0 0 0
2389 6 605 4 14032
2390 2 221 1 1140
2391 2 260 1 195
2392 0 0 0 0
2393 0 0 0 0
2394 0 0 0 0
2395 0 0 0 0
2396 0 0 0 0
2397 0 0 0 0
2398 0 0 0 0
2399 0 0 0 0
2400 0 0 0 0
2401 0 0 0 0
2402 0 0 0 0
2403 5 460 3 1734
2404 0 0 0 0
2405 0 0 0 0
2406 0 0 0 0
2407 0 0 0 0
2408 0 0 0 0
2409 0 0 0 0
2410 0 0 0 0
2411 0 0 0 0
2412 0 0 0 0
2413 0 0 0 0
2414 0 0 0 0
2415 0 0 0 0
2416 0 0 0 0
2417 0 0 0 0
2418 0 0 0 0
2419 0 0 0 0
2420 0 0 0 0
2421 0 0 0 0
2422 0 0 0 0
2423 4 424 4 1499
2424 0 0 0 0
2425 0 0 0 0
2426 0 0 0 0
2427 0 0 0 0
2428 0 0 0 0
2429 0 0 0 0
2430 0 0 0 0
2431 0 0 0 0
2432 0 0 0 0
2433 0 0 0 0
2434 0 0 0 0
2435 0 0 0 0
2436 0 0 0 0
2437 0 0 0 0
2438 0 0 0 0
2439 0 0 0 0
2440 2 143 1 91
2441 0 0 0 0
2442 11 767 10 715
2443 4 286 4 286
2444 0 0 0 0
2445 0 0 0 0
2446 0 0 0 0
2447 0 0 0 0
2448 2 143 1 91
2449 0 0 0 0
2450 0 0 0 0
2451 0 0 0 0
2452 0 0 0 0
2453 0 0 0 0
2454 0 0 0 0
2455 0 0 0 0
2456 0 0 0 0
2457 0 0 0 0
2458 0 0 0 0
2459 0 0 0 0
2460 0 0 0 0
2461 0 0 0 0
2462 0 0 0 0
2463 0 0 0 0
2464 0 0 0 0
2465 2 287 1 1362
2466 0 0 0 0
2467 0 0 0 0
2468 0 0 0 0
2469 0 0 0 0
2470 0 0 0 0
2471 0 0 0 0
2472 0 0 0 0
2473 0 0 0 0
2474 0 0 0 0
2475 0 0 0 0
2476 0 0 0 0
2477 0 0 0 0
2478 66 8617 63 11266
2479 30 3369 32 7470
2480 76 8304 136 76071
2481 139 12565 154 159786
2482 0 0 0 0
2483 0 0 0 0
2484 0 0 0 0
2485 0 0 0 0
2486 216 12200 290 354371
2487 0 0 0 0
2488 0 0 0 0
2489 0 0 0 0
2490 0 0 0 0
2491 3 233 3 197
2492 0 0 0 0
2493 0 0 0 0
2494 0 0 0 0
2495 0 0 0 0
2496 0 0 0 0
2497 0 0 0 0
2498 0 0 0 0
2499 0 0 0 0
2500 0 0 0 0
2501 4 286 2 182
2502 2 143 1 91
2503 0 0 0 0
2504 0 0 0 0
2505 0 0 0 0
2506 0 0 0 0
2507 2 143 1 91
2508 0 0 0 0
2509 0 0 0 0
2510 0 0 0 0
2511 0 0 0 0
2512 0 0 0 0
2513 0 0 0 0
2514 0 0 0 0
2515 0 0 0 0
2516 0 0 0 0
2517 0 0 0 0
2518 0 0 0 0
2519 0 0 0 0
2520 0 0 0 0
2521 0 0 0 0
2522 0 0 0 0
2523 0 0 0 0
2524 2 143 1 91
2525 0 0 0 0
2526 0 0 0 0
2527 15 1947 11 1057
2528 5 750 7 536
2529 0 0 0 0
2530 0 0 0 0
2531 0 0 0 0
2532 26 3425 26 2222
2533 25 3790 38 5493
2534 56 5997 65 41371
2535 11 1207 15 1140
2536 12 1317 21 2193
2537 31 3243 37 41318
2538 43 3760 54 82739
2539 75 8830 91 41532
2540 82 8353 71 361134
2541 1 52 1 52
2542 0 0 0 0
2543 0 0 0 0
2544 0 0 0 0
2545 0 0 0 0
2546 0 0 0 0
2547 0 0 0 0
2548 0 0 0 0
2549 0 0 0 0
2550 0 0 0 0
2551 0 0 0 0
2552 0 0 0 0
2553 0 0 0 0
2554 3 219 2 104
2555 0 0 0 0
2556 0 0 0 0
2557 0 0 0 0
2558 0 0 0 0
2559 0 0 0 0
2560 0 0 0 0
2561 4 563 3 1558
2562 0 0 0 0
2563 0 0 0 0
2564 0 0 0 0
2565 0 0 0 0
2566 0 0 0 0
2567 0 0 0 0
2568 0 0 0 0
2569 0 0 0 0
2570 0 0 0 0
2571 0 0 0 0
2572 0 0 0 0
2573 0 0 0 0
2574 0 0 0 0
2575 0 0 0 0
2576 0 0 0 0
2577 0 0 0 0
2578 0 0 0 0
2579 0 0 0 0
2580 0 0 0 0
2581 0 0 0 0
2582 0 0 0 0
2583 0 0 0 0
2584 0 0 0 0
2585 3 251 1 60
2586 5 299 6 499
2587 0 0 0 0
2588 0 0 0 0
2589 0 0 0 0
2590 0 0 0 0
2591 0 0 0 0
2592 0 0 0 0
2593 2 143 2 143
2594 0 0 0 0
2595 2 104 1 52
2596 7 630 4 1412
2597 6 429 6 429
2598 12 858 10 754
2599 0 0 0 0
2600 0 0 0 0
2601 0 0 0 0
2602 0 0 0 0
2603 0 0 0 0
2604 0 0 0 0
2605 0 0 0 0
2606 0 0 0 0
2607 0 0 0 0
2608 0 0 0 0
2609 0 0 0 0
2610 0 0 0 0
2611 0 0 0 0
2612 2 269 1 1017
2613 0 0 0 0
2614 0 0 0 0
2615 2 226 1 1050
2616 0 0 0 0
2617 0 0 0 0
2618 0 0 0 0
2619 0 0 0 0
2620 0 0 0 0
2621 0 0 0 0
2622 9 639 8 59102
2623 0 0 0 0
2624 0 0 0 0
2625 2 217 1 1065
2626 0 0 0 0
2627 0 0 0 0
2628 0 0 0 0
2629 0 0 0 0
2630 0 0 0 0
2631 0 0 0 0
2632 61 5382 52 263190
2633 0 0 0 0
2634 0 0 0 0
2635 0 0 0 0
2636 0 0 0 0
2637 0 0 0 0
2638 0 0 0 0
2639 0 0 0 0
2640 0 0 0 0
2641 0 0 0 0
2642 0 0 0 0
2643 0 0 0 0
2644 0 0 0 0
2645 2 143 1 91
2646 0 0 0 0
2647 0 0 0 0
2648 0 0 0 0
2649 0 0 0 0
2650 0 0 0 0
2651 13 1014 9 1442
2652 2 143 1 91
2653 0 0 0 0
2654 0 0 0 0
2655 2 143 1 91
2656 7 520 4 337
2657 8 611 5 401
2658 1 87 2 135
2659 0 0 0 0
2660 0 0 0 0
2661 0 0 0 0
2662 0 0 0 0
2663 0 0 0 0
2664 0 0 0 0
2665 0 0 0 0
2666 0 0 0 0
2667 0 0 0 0
2668 0 0 0 0
2669 0 0 0 0
2670 0 0 0 0
2671 0 0 0 0
2672 0 0 0 0
2673 0 0 0 0
2674 0 0 0 0
2675 0 0 0 0
2676 0 0 0 0
2677 0 0 0 0
2678 0 0 0 0
2679 0 0 0 0
2680 0 0 0 0
2681 0 0 0 0
2682 0 0 0 0
2683 0 0 0 0
2684 0 0 0 0
2685 0 0 0 0
2686 0 0 0 0
2687 0 0 0 0
2688 0 0 0 0
2689 0 0 0 0
2690 2 143 1 91
2691 0 0 0 0
2692 0 0 0 0
2693 0 0 0 0
2694 0 0 0 0
2695 0 0 0 0
2696 0 0 0 0
2697 0 0 0 0
2698 3 219 2 104
2699 0 0 0 0
2700 0 0 0 0
2701 0 0 0 0
2702 0 0 0 0
2703 0 0 0 0
2704 0 0 0 0
2705 3 219 2 104
2706 0 0 0 0
2707 0 0 0 0
2708 3 219 2 104
2709 13 904 10 559
2710 10 709 7 364
2711 0 0 0 0
2712 0 0 0 0
2713 0 0 0 0
2714 0 0 0 0
2715 0 0 0 0
2716 0 0 0 0
2717 0 0 0 0
2718 0 0 0 0
2719 0 0 0 0
2720 0 0 0 0
2721 0 0 0 0
2722 0 0 0 0
2723 0 0 0 0
2724 0 0 0 0
2725 0 0 0 0
2726 0 0 0 0
2727 0 0 0 0
2728 0 0 0 0
2729 0 0 0 0
2730 0 0 0 0
2731 0 0 0 0
2732 0 0 0 0
2733 0 0 0 0
2734 0 0 0 0
2735 0 0 0 0
2736 0 0 0 0
2737 0 0 0 0
2738 0 0 0 0
2739 0 0 0 0
2740 0 0 0 0
2741 0 0 0 0
2742 0 0 0 0
2743 0 0 0 0
2744 0 0 0 0
2745 2 299 1 1135
2746 5 548 4 1526
2747 0 0 0 0
2748 0 0 0 0
2749 2 143 1 91
2750 38 3638 32 196394
2751 0 0 0 0
2752 0 0 0 0
2753 0 0 0 0
2754 0 0 0 0
2755 0 0 0 0
2756 0 0 0 0
2757 0 0 0 0
2758 0 0 0 0
2759 0 0 0 0
2760 0 0 0 0
2761 0 0 0 0
2762 0 0 0 0
2763 0 0 0 0
2764 0 0 0 0
2765 0 0 0 0
2766 0 0 0 0
2767 0 0 0 0
2768 0 0 0 0
2769 0 0 0 0
2770 0 0 0 0
2771 0 0 0 0
2772 0 0 0 0
2773 0 0 0 0
2774 0 0 0 0
2775 0 0 0 0
2776 0 0 0 0
2777 0 0 0 0
2778 0 0 0 0
2779 0 0 0 0
2780 0 0 0 0
2781 0 0 0 0
2782 0 0 0 0
2783 0 0 0 0
2784 0 0 0 0
2785 0 0 0 0
2786 0 0 0 0
2787 0 0 0 0
2788 0 0 0 0
2789 0 0 0 0
2790 0 0 0 0
2791 0 0 0 0
2792 0 0 0 0
2793 0 0 0 0
2794 0 0 0 0
2795 0 0 0 0
2796 0 0 0 0
2797 0 0 0 0
2798 0 0 0 0
2799 4 682 2 556
2800 0 0 0 0
2801 0 0 0 0
2802 0 0 0 0
2803 31 2536 26 174072
2804 6 590 9 25737
2805 0 0 0 0
2806 0 0 0 0
2807 0 0 0 0
2808 0 0 0 0
2809 0 0 0 0
2810 0 0 0 0
2811 0 0 0 0
2812 0 0 0 0
2813 0 0 0 0
2814 0 0 0 0
2815 0 0 0 0
2816 0 0 0 0
2817 0 0 0 0
2818 0 0 0 0
2819 0 0 0 0
2820 0 0 0 0
2821 0 0 0 0
2822 0 0 0 0
2823 0 0 0 0
2824 0 0 0 0
2825 0 0 0 0
2826 0 0 0 0
2827 0 0 0 0
2828 0 0 0 0
2829 0 0 0 0
2830 0 0 0 0
2831 0 0 0 0
2832 0 0 0 0
2833 0 0 0 0
2834 7 461 7 29379
2835 42 4257 35 173135
2836 0 0 0 0
2837 0 0 0 0
2838 0 0 0 0
2839 0 0 0 0
2840 0 0 0 0
2841 0 0 0 0
2842 0 0 0 0
2843 0 0 0 0
2844 0 0 0 0
2845 0 0 0 0
2846 0 0 0 0
2847 0 0 0 0
2848 0 0 0 0
2849 0 0 0 0
2850 0 0 0 0
2851 0 0 0 0
2852 0 0 0 0
2853 0 0 0 0
2854 0 0 0 0
2855 0 0 0 0
2856 0 0 0 0
2857 0 0 0 0
2858 0 0 0 0
2859 0 0 0 0
2860 0 0 0 0
2861 0 0 0 0
2862 0 0 0 0
2863 0 0 0 0
2864 0 0 0 0
2865 0 0 0 0
2866 0 0 0 0
2867 0 0 0 0
2868 0 0 0 0
2869 0 0 0 0
2870 0 0 0 0
2871 0 0 0 0
2872 0 0 0 0
2873 0 0 0 0
2874 0 0 0 0
2875 0 0 0 0
2876 0 0 0 0
2877 0 0 0 0
2878 0 0 0 0
2879 0 0 0 0
2880 0 0 0 0
2881 0 0 0 0
2882 0 0 0 0
2883 0 0 0 0
2884 0 0 0 0
2885 3 251 1 60
2886 3 156 4 356
2887 0 0 0 0
2888 0 0 0 0
2889 0 0 0 0
2890 0 0 0 0
2891 0 0 0 0
2892 0 0 0 0
2893 4 286 2 182
2894 0 0 0 0
2895 0 0 0 0
2896 0 0 0 0
2897 0 0 0 0
2898 0 0 0 0
2899 0 0 0 0
2900 0 0 0 0
2901 0 0 0 0
2902 0 0 0 0
2903 3 402 2 269
2904 0 0 0 0
2905 0 0 0 0
2906 0 0 0 0
2907 0 0 0 0
2908 0 0 0 0
2909 0 0 0 0
2910 0 0 0 0
2911 0 0 0 0
2912 0 0 0 0
2913 0 0 0 0
2914 0 0 0 0
2915 0 0 0 0
2916 9 823 7 2977
2917 0 0 0 0
2918 0 0 0 0
2919 0 0 0 0
2920 0 0 0 0
2921 0 0 0 0
2922 0 0 0 0
2923 0 0 0 0
2924 0 0 0 0
2925 77 7269 96 144230
2926 117 12872 128 113659
2927 86 8246 75 141333
2928 12 2056 9 1275
2929 22 2032 23 14543
2930 56 5906 59 76027
2931 72 10126 64 23252
2932 0 0 0 0
2933 0 0 0 0
2934 52 6140 43 47547
2935 168 21978 168 189261
2936 113 16657 114 150494
2937 317 40953 268 390626
2938 235 22256 256 383379
2939 146 21405 124 106901
2940 410 70095 316 185280
2941 128 18810 112 66196
2942 103 12042 106 135740
2943 109 14696 85 65862
2944 0 0 0 0
2945 0 0 0 0
2946 16 1052 17 974
2947 44 7959 28 15273
2948 300 38214 261 171355
2949 4 862 2 1636
2950 9 983 8 540
2951 5 335 7 2703
2952 5 362 5 338
2953 12 813 15 873
2954 13 1645 16 1690
2955 0 0 0 0
2956 0 0 0 0
2957 0 0 0 0
2958 4 274 6 350
2959 3 187 4 215
2960 9 620 11 555
2961 4 271 5 248
2962 0 0 0 0
2963 3 180 4 208
2964 3 156 3 156
2965 0 0 0 0
2966 0 0 0 0
2967 9 2112 9 671
2968 8 568 11 555
2969 0 0 0 0
2970 0 0 0 0
2971 3 233 4 261
2972 0 0 0 0
2973 2 135 2 104
2974 0 0 0 0
2975 2 143 2 143
2976 0 0 0 0
2977 0 0 0 0
2978 0 0 0 0
2979 0 0 0 0
2980 0 0 0 0
2981 0 0 0 0
2982 0 0 0 0
2983 0 0 0 0
2984 2 119 2 119
2985 11 704 10 589
2986 0 0 0 0
2987 2 143 2 143
2988 0 0 0 0
2989 9 631 7 527
2990 0 0 0 0
2991 0 0 0 0
2992 0 0 0 0
2993 8 548 7 508
2994 14 3252 16 1402
2995 19 2381 14 4464
2996 8 548 7 496
2997 16 1410 14 1123
2998 11 743 11 743
2999 16 1179 12 971
3000 14 971 14 1079
3001 3 202 3 202
3002 8 586 6 482
3003 8 1018 8 1018
3004 0 0 0 0
3005 23 5818 21 1984
3006 17 1200 13 1004
3007 10 726 11 754
3008 0 0 0 0
3009 2 150 2 150
3010 0 0 0 0
3011 0 0 0 0
3012 1 52 2 104
3013 3 156 3 156
3014 0 0 0 0
3015 0 0 0 0
3016 1 52 2 104
3017 0 0 0 0
3018 0 0 0 0
3019 0 0 0 0
3020 0 0 0 0
3021 0 0 0 0
3022 0 0 0 0
3023 0 0 0 0
3024 0 0 0 0
3025 0 0 0 0
3026 2 143 2 143
3027 0 0 0 0
3028 0 0 0 0
3029 0 0 0 0
3030 0 0 0 0
3031 0 0 0 0
3032 0 0 0 0
3033 0 0 0 0
3034 2 143 1 91
3035 0 0 0 0
3036 0 0 0 0
3037 0 0 0 0
3038 0 0 0 0
3039 0 0 0 0
3040 0 0 0 0
3041 0 0 0 0
3042 2 119 2 119
3043 6 381 3 249
3044 0 0 0 0
3045 2 143 1 91
3046 0 0 0 0
3047 6 429 3 273
3048 2 150 1 98
3049 0 0 0 0
3050 0 0 0 0
3051 2 143 1 91
3052 8 548 4 352
3053 8 509 5 365
3054 10 652 5 404
3055 14 914 7 574
3056 22 1315 14 899
3057 6 429 3 273
3058 12 854 7 594
3059 10 722 6 514
3060 4 293 3 241
3061 4 293 3 241
3062 0 0 0 0
3063 17 941 13 714
3064 16 1080 11 820
3065 6 450 4 346
3066 6 443 3 287
3067 0 0 0 0
3068 2 150 1 98
3069 0 0 0 0
3070 0 0 0 0
3071 0 0 0 0
3072 0 0 0 0
3073 0 0 0 0
3074 0 0 0 0
3075 0 0 0 0
3076 0 0 0 0
3077 0 0 0 0
3078 0 0 0 0
3079 0 0 0 0
3080 0 0 0 0
3081 0 0 0 0
3082 0 0 0 0
3083 0 0 0 0
3084 2 143 1 91
3085 0 0 0 0
3086 0 0 0 0
3087 5 323 4 208
3088 0 0 0 0
3089 0 0 0 0
3090 0 0 0 0
3091 0 0 0 0
3092 0 0 0 0
3093 0 0 0 0
3094 0 0 0 0
3095 0 0 0 0
3096 12 669 7 280
3097 3 219 2 104
3098 0 0 0 0
3099 4 271 3 156
3100 0 0 0 0
3101 16 1098 13 676
3102 0 0 0 0
3103 0 0 0 0
3104 4 223 2 80
3105 8 542 6 312
3106 7 490 5 260
3107 8 494 5 236
3108 16 1036 11 548
3109 28 1801 25 1240
3110 17 1088 14 680
3111 34 2381 27 1443
3112 16 1084 14 728
3113 9 622 8 447
3114 15 983 17 867
3115 0 0 0 0
3116 0 0 0 0
3117 0 0 0 0
3118 37 2499 29 1467
3119 6 466 4 208
3120 0 0 0 0
3121 4 285 3 187
3122 0 0 0 0
3123 2 143 1 91
3124 0 0 0 0
3125 0 0 0 0
3126 0 0 0 0
3127 0 0 0 0
3128 0 0 0 0
3129 0 0 0 0
3130 0 0 0 0
3131 0 0 0 0
3132 0 0 0 0
3133 0 0 0 0
3134 0 0 0 0
3135 0 0 0 0
3136 0 0 0 0
3137 0 0 0 0
3138 3 219 2 104
3139 0 0 0 0
3140 0 0 0 0
3141 0 0 0 0
3142 0 0 0 0
3143 0 0 0 0
3144 0 0 0 0
3145 0 0 0 0
3146 0 0 0 0
3147 0 0 0 0
3148 0 0 0 0
3149 0 0 0 0
3150 0 0 0 0
3151 0 0 0 0
3152 0 0 0 0
3153 0 0 0 0
3154 0 0 0 0
3155 0 0 0 0
3156 0 0 0 0
3157 0 0 0 0
3158 0 0 0 0
3159 0 0 0 0
3160 0 0 0 0
3161 0 0 0 0
3162 0 0 0 0
3163 0 0 0 0
3164 0 0 0 0
3165 4 271 3 156
3166 0 0 0 0
3167 0 0 0 0
3168 0 0 0 0
3169 0 0 0 0
3170 0 0 0 0
3171 0 0 0 0
3172 0 0 0 0
3173 0 0 0 0
3174 0 0 0 0
3175 4 271 3 156
3176 0 0 0 0
3177 0 0 0 0
3178 0 0 0 0
3179 0 0 0 0
3180 0 0 0 0
3181 0 0 0 0
3182 0 0 0 0
3183 0 0 0 0
3184 0 0 0 0
3185 1 60 0 0
3186 15 2372 10 3973
3187 0 0 0 0
3188 1 60 0 0
3189 0 0 0 0
3190 0 0 0 0
3191 0 0 0 0
3192 1 60 0 0
3193 0 0 0 0
3194 0 0 0 0
3195 0 0 0 0
3196 0 0 0 0
3197 2 261 1 896
3198 0 0 0 0
3199 0 0 0 0
3200 0 0 0 0
3201 6 407 5 416
3202 2 201 1 979
3203 0 0 0 0
3204 0 0 0 0
3205 2 202 1 887
3206 2 242 1 141
3207 0 0 0 0
3208 0 0 0 0
3209 0 0 0 0
3210 0 0 0 0
3211 0 0 0 0
3212 0 0 0 0
3213 0 0 0 0
3214 0 0 0 0
3215 0 0 0 0
3216 0 0 0 0
3217 0 0 0 0
3218 0 0 0 0
3219 0 0 0 0
3220 2 196 1 1001
3221 0 0 0 0
3222 0 0 0 0
3223 0 0 0 0
3224 0 0 0 0
3225 0 0 0 0
3226 0 0 0 0
3227 0 0 0 0
3228 0 0 0 0
3229 0 0 0 0
3230 0 0 0 0
3231 0 0 0 0
3232 0 0 0 0
3233 0 0 0 0
3234 0 0 0 0
3235 0 0 0 0
3236 0 0 0 0
3237 3 828 2 352
3238 0 0 0 0
3239 0 0 0 0
3240 0 0 0 0
3241 0 0 0 0
3242 26 8466 23 7984
3243 0 0 0 0
3244 16 7062 21 1943
3245 0 0 0 0
3246 34 8604 31 6809
3247 0 0 0 0
3248 0 0 0 0
3249 7 1053 7 1053
3250 0 0 0 0
3251 0 0 0 0
3252 0 0 0 0
3253 0 0 0 0
3254 0 0 0 0
3255 0 0 0 0
3256 4 283 3 243
3257 1 76 3 120
3258 1 87 1 83
3259 3 156 4 208
3260 0 0 0 0
3261 0 0 0 0
3262 0 0 0 0
3263 0 0 0 0
3264 0 0 0 0
3265 0 0 0 0
3266 0 0 0 0
3267 0 0 0 0
3268 0 0 0 0
3269 0 0 0 0
3270 0 0 0 0
3271 21 2409 19 22990
3272 72 5920 77 85720
3273 98 12064 93 22577
3274 2 143 4 360
3275 0 0 0 0
3276 0 0 0 0
3277 0 0 0 0
3278 0 0 0 0
3279 0 0 0 0
3280 0 0 0 0
3281 0 0 0 0
3282 5 1969 7 497
3283 0 0 0 0
3284 0 0 0 0
3285 0 0 0 0
3286 0 0 0 0
3287 0 0 0 0
3288 0 0 0 0
3289 0 0 0 0
3290 0 0 0 0
3291 5 1970 7 497
3292 34 5881 34 24089
3293 219 28165 177 159759
3294 114 21993 89 41328
3295 16 3312 15 1585
3296 0 0 0 0
3297 0 0 0 0
3298 0 0 0 0
3299 0 0 0 0
3300 2 143 1 91
3301 0 0 0 0
3302 0 0 0 0
3303 0 0 0 0
3304 3 156 3 156
3305 0 0 0 0
3306 0 0 0 0
3307 1 52 1 52
3308 0 0 0 0
3309 3 682 3 414
3310 0 0 0 0
3311 0 0 0 0
3312 0 0 0 0
3313 0 0 0 0
3314 0 0 0 0
3315 0 0 0 0
3316 0 0 0 0
3317 0 0 0 0
3318 0 0 0 0
3319 0 0 0 0
3320 0 0 0 0
3321 0 0 0 0
3322 0 0 0 0
3323 0 0 0 0
3324 3 681 2 362
3325 0 0 0 0
3326 0 0 0 0
3327 0 0 0 0
3328 0 0 0 0
3329 0 0 0 0
3330 0 0 0 0
3331 2 143 1 91
3332 6 429 6 429
3333 0 0 0 0
3334 0 0 0 0
3335 0 0 0 0
3336 0 0 0 0
3337 0 0 0 0
3338 0 0 0 0
3339 3 682 2 362
3340 0 0 0 0
3341 0 0 0 0
3342 0 0 0 0
3343 0 0 0 0
3344 0 0 0 0
3345 0 0 0 0
3346 0 0 0 0
3347 0 0 0 0
3348 0 0 0 0
3349 0 0 0 0
3350 0 0 0 0
3351 10 691 10 691
3352 14 984 13 932
3353 8 562 6 458
3354 3 680 2 362
3355 4 239 3 187
3356 0 0 0 0
3357 0 0 0 0
3358 0 0 0 0
3359 2 143 1 91
3360 0 0 0 0
3361 0 0 0 0
3362 2 104 1 52
3363 0 0 0 0
3364 0 0 0 0
3365 0 0 0 0
3366 0 0 0 0
3367 0 0 0 0
3368 0 0 0 0
3369 3 683 2 362
3370 0 0 0 0
3371 0 0 0 0
3372 0 0 0 0
3373 0 0 0 0
3374 0 0 0 0
3375 0 0 0 0
3376 0 0 0 0
3377 0 0 0 0
3378 0 0 0 0
3379 0 0 0 0
3380 0 0 0 0
3381 0 0 0 0
3382 0 0 0 0
3383 0 0 0 0
3384 3 682 2 362
3385 0 0 0 0
3386 0 0 0 0
3387 0 0 0 0
3388 0 0 0 0
3389 0 0 0 0
3390 2 143 1 91
3391 6 429 3 273
3392 0 0 0 0
3393 0 0 0 0
3394 0 0 0 0
3395 6 451 3 233
3396 8 586 3 233
3397 2 166 0 0
3398 1 83 0 0
3399 4 765 2 362
3400 1 83 0 0
3401 0 0 0 0
3402 0 0 0 0
3403 0 0 0 0
3404 2 166 0 0
3405 0 0 0 0
3406 0 0 0 0
3407 0 0 0 0
3408 0 0 0 0
3409 4 232 3 180
3410 18 1239 16 1135
3411 9 638 4 359
3412 7 497 6 339
3413 0 0 0 0
3414 3 681 2 362
3415 0 0 0 0
3416 0 0 0 0
3417 0 0 0 0
3418 0 0 0 0
3419 0 0 0 0
3420 0 0 0 0
3421 0 0 0 0
3422 0 0 0 0
3423 0 0 0 0
3424 0 0 0 0
3425 0 0 0 0
3426 0 0 0 0
3427 1 83 0 0
3428 0 0 0 0
3429 3 683 2 362
3430 0 0 0 0
3431 1 83 0 0
3432 0 0 0 0
3433 0 0 0 0
3434 0 0 0 0
3435 0 0 0 0
3436 0 0 0 0
3437 0 0 0 0
3438 0 0 0 0
3439 0 0 0 0
3440 0 0 0 0
3441 0 0 0 0
3442 0 0 0 0
3443 7 735 5 224
3444 53 3240 47 144027
3445 0 0 0 0
3446 64 8480 54 13326
3447 45 3982 41 9269
3448 0 0 0 0
3449 318 32137 349 1689779
3450 78 8031 85 117316
3451 158 18218 134 141635
3452 136 11061 134 401578
3453 804 52389 946 12808653
3454 475 25026 514 8254246
3455 12 1040 15 76625
3456 482 25505 511 8653861
3457 94 11282 86 201186
3458 127 16421 111 97635
3459 192 18475 225 294136
3460 145 16499 158 177810
3461 80 9182 78 141548
3462 8 2154 12 1042
3463 7 442 4 184
3464 18 1188 17 921
3465 20 1321 14 692
3466 1 83 0 0
3467 1 52 1 98
3468 0 0 0 0
3469 0 0 0 0
3470 4 208 4 254
3471 0 0 0 0
3472 0 0 0 0
3473 1 52 1 98
3474 1 52 1 94
3475 0 0 0 0
3476 1 52 1 98
3477 1 98 1 52
3478 1 168 1 52
3479 2 220 2 150
3480 1 251 1 52
3481 3 683 1 90
3482 76 6808 110 167766
3483 44 8121 65 21178
3484 98 11461 119 153031
3485 9 1095 9 735
3486 2 278 1 52
3487 0 0 0 0
3488 2 191 1 98
3489 0 0 0 0
3490 2 191 1 94
3491 1 52 1 98
3492 0 0 0 0
3493 0 0 0 0
3494 1 52 1 98
3495 1 139 0 0
3496 0 0 0 0
3497 1 52 1 98
3498 0 0 0 0
3499 0 0 0 0
3500 2 220 1 98
3501 1 168 2 104
3502 4 422 3 349
3503 3 202 2 196
3504 0 0 0 0
3505 7 537 5 326
3506 57 4748 44 8759
3507 39 3984 41 12667
3508 45 5494 62 53863
3509 39 4269 42 51598
3510 19 3960 22 1681
3511 6 381 3 229
3512 6 367 4 293
3513 2 120 0 0
3514 0 0 0 0
3515 6 374 4 300
3516 7 442 8 494
3517 3 202 3 202
3518 10 637 8 579
3519 0 0 0 0
3520 3 172 2 104
3521 6 490 4 296
3522 2 228 1 52
3523 1 60 0 0
3524 3 363 2 150
3525 0 0 0 0
3526 32 4240 38 19785
3527 64 8105 78 48494
3528 9 1906 13 4144
3529 6 1925 8 629
3530 1 52 1 98
3531 1 184 0 0
3532 0 0 1 52
3533 1 52 1 98
3534 0 0 0 0
3535 0 0 0 0
3536 3 172 1 98
3537 2 112 1 94
3538 0 0 0 0
3539 2 112 1 98
3540 0 0 0 0
3541 2 143 1 91
3542 2 220 2 150
3543 9 670 6 390
3544 2 220 3 156
3545 2 220 2 150
3546 9 1877 5 1411
3547 35 4220 55 15293
3548 85 12650 91 94404
3549 451 40199 418 656133
3550 25 3054 20 21940
3551 15 3698 18 1531
3552 0 0 0 0
3553 15 1070 7 518
3554 4 270 2 192
3555 54 4056 60 97783
3556 4 462 3 571
3557 2 135 1 98
3558 55 3521 57 418005
3559 23 1567 28 1770
3560 4 254 2 177
3561 4 271 5 287
3562 4 285 2 150
3563 7 442 5 384
3564 0 0 0 0
3565 2 336 1 52
3566 5 680 5 1458
3567 58 8952 81 22838
3568 34 4795 43 44596
3569 14 2499 13 1043
3570 3 282 1 91
3571 3 390 0 0
3572 1 52 2 150
3573 2 150 2 150
3574 5 425 2 182
3575 1 52 1 98
3576 8 579 4 371
3577 0 0 0 0
3578 1 52 1 98
3579 1 139 0 0
3580 1 184 1 52
3581 1 52 1 98
3582 0 0 0 0
3583 0 0 0 0
3584 3 187 2 192
3585 0 0 0 0
3586 6 1112 5 1414
3587 100 11657 126 167504
3588 16 3762 21 4345
3589 4 278 8 629
3590 2 303 2 150
3591 0 0 0 0
3592 0 0 0 0
3593 1 52 1 98
3594 1 168 1 52
3595 0 0 0 0
3596 1 52 1 98
3597 0 0 0 0
3598 39 5033 31 14312
3599 1 52 1 98
3600 4 247 3 275
3601 3 234 3 308
3602 5 338 3 280
3603 0 0 0 0
3604 1 184 1 52
3605 1 52 1 98
3606 0 0 0 0
3607 37 5287 48 20481
3608 58 7709 83 49745
3609 4 1613 3 195
3610 6 1943 8 629
3611 2 303 2 150
3612 0 0 0 0
3613 0 0 0 0
3614 7 425 5 328
3615 6 505 4 250
3616 1 83 1 52
3617 9 594 8 462
3618 2 119 1 79
3619 0 0 0 0
3620 1 52 1 98
3621 0 0 0 0
3622 4 271 3 156
3623 5 275 3 178
3624 4 271 3 156
3625 0 0 0 0
3626 2 135 1 98
3627 4 628 3 1308
3628 65 9704 87 27191
3629 42 6180 53 40172
3630 13 2434 16 1045
3631 2 220 2 146
3632 5 471 3 210
3633 3 156 4 356
3634 0 0 0 0
3635 1 52 1 98
3636 4 324 3 156
3637 0 0 0 0
3638 1 52 1 98
3639 0 0 0 0
3640 0 0 0 0
3641 1 52 1 98
3642 0 0 0 0
3643 0 0 0 0
3644 1 52 1 98
3645 0 0 0 0
3646 6 390 5 338
3647 2 104 2 192
3648 75 7223 68 16398
3649 63 9428 70 52548
3650 4 446 8 601
3651 7 2121 8 629
3652 0 0 1 52
3653 2 220 2 150
3654 1 168 1 52
3655 10 646 6 312
3656 8 494 7 488
3657 0 0 0 0
3658 1 168 1 52
3659 1 52 1 98
3660 0 0 0 0
3661 0 0 0 0
3662 1 52 1 98
3663 1 52 1 94
3664 0 0 0 0
3665 3 171 3 217
3666 9 585 6 429
3667 4 247 2 143
3668 34 4986 46 15355
3669 33 4825 47 29618
3670 11 2958 16 13208
3671 8 2247 10 779
3672 3 202 3 202
3673 0 0 0 0
3674 2 220 2 150
3675 2 352 2 104
3676 2 119 1 79
3677 1 52 1 98
3678 0 0 0 0
3679 2 220 1 94
3680 1 52 2 150
3681 0 0 0 0
3682 0 0 0 0
3683 1 52 1 98
3684 0 0 0 0
3685 0 0 0 0
3686 1 52 1 98
3687 3 195 3 195
3688 43 5705 46 15069
3689 52 8298 60 42135
3690 6 1926 7 577
3691 0 0 1 52
3692 1 52 1 98
3693 1 251 1 52
3694 1 52 1 94
3695 3 388 3 202
3696 0 0 0 0
3697 0 0 0 0
3698 2 236 1 98
3699 0 0 1 52
3700 0 0 0 0
3701 2 220 2 150
3702 0 0 0 0
3703 0 0 0 0
3704 5 338 3 280
3705 0 0 0 0
3706 0 0 0 0
3707 1 52 1 98
3708 28 4418 34 14137
3709 31 4073 44 13708
3710 17 3345 28 29451
3711 9 3014 13 1028
3712 0 0 0 0
3713 1 52 1 98
3714 9 745 5 338
3715 0 0 0 0
3716 2 220 2 150
3717 1 168 1 52
3718 0 0 0 0
3719 5 287 4 268
3720 11 776 10 711
3721 114 15634 112 148313
3722 967 58835 1110 16411490
3723 233 16112 243 3168663
3724 21 2808 21 7320
3725 67 9158 76 13683
3726 85 6362 78 140034
3727 124 16931 149 386000
3728 23 2058 30 3951
3729 3 183 2 80
3730 0 0 0 0
3731 0 0 0 0
3732 3 156 3 156
3733 0 0 0 0
3734 0 0 0 0
3735 0 0 0 0
3736 0 0 0 0
3737 0 0 0 0
3738 5 1966 7 502
3739 0 0 0 0
3740 0 0 0 0
3741 0 0 0 0
3742 0 0 0 0
3743 0 0 0 0
3744 0 0 0 0
3745 0 0 0 0
3746 0 0 0 0
3747 0 0 0 0
3748 0 0 0 0
3749 0 0 0 0
3750 0 0 0 0
3751 0 0 0 0
3752 0 0 0 0
3753 0 0 0 0
3754 0 0 0 0
3755 0 0 0 0
3756 0 0 0 0
3757 0 0 0 0
3758 4 271 3 156
3759 0 0 0 0
3760 0 0 0 0
3761 0 0 0 0
3762 0 0 0 0
3763 0 0 0 0
3764 0 0 0 0
3765 125 11771 141 260906
3766 20 4809 16 8872
3767 2 143 1 91
3768 2 143 2 143
3769 10 685 6 351
3770 2 143 2 143
3771 0 0 0 0
3772 0 0 0 0
3773 0 0 0 0
3774 0 0 0 0
3775 0 0 0 0
3776 0 0 0 0
3777 0 0 0 0
3778 4 271 2 104
3779 0 0 0 0
3780 8 572 7 520
3781 13 2559 13 984
3782 6 443 6 443
3783 0 0 0 0
3784 2 143 2 143
3785 0 0 0 0
3786 2 143 2 143
3787 11 1459 14 1043
3788 0 0 0 0
3789 0 0 0 0
3790 0 0 0 0
3791 0 0 0 0
3792 0 0 0 0
3793 4 454 6 450
3794 0 0 0 0
3795 0 0 0 0
3796 0 0 0 0
3797 0 0 0 0
3798 0 0 0 0
3799 0 0 0 0
3800 0 0 0 0
3801 0 0 0 0
3802 0 0 0 0
3803 0 0 0 0
3804 67 15115 68 87899
3805 203 48017 185 365291
3806 141 24615 126 152248
3807 84 24710 71 31540
3808 192 34517 172 167365
3809 266 36730 253 329423
3810 134 19019 131 82906
3811 216 27795 220 1176643
3812 81 14441 102 169824
3813 91 11372 92 80697
3814 46 10456 65 23181
3815 12 1071 13 24963
3816 0 0 0 0
3817 0 0 0 0
3818 5 335 7 415
3819 0 0 0 0
3820 0 0 0 0
3821 3 156 3 156
3822 5 4412 3 897
3823 15 1036 9 662
3824 5 369 4 286
3825 0 0 0 0
3826 3 226 1 91
3827 2 143 1 91
3828 0 0 0 0
3829 0 0 0 0
3830 1 83 0 0
3831 40 11692 34 27497
3832 52 6691 52 41638
3833 27 4977 39 60718
3834 0 0 0 0
3835 0 0 0 0
3836 4 232 3 385
3837 0 0 0 0
3838 5 369 2 182
3839 5 330 5 306
3840 364 47152 327 861747
3841 167 15173 170 303049
3842 143 19121 126 300677
3843 119 12850 113 301931
3844 116 11653 96 150671
3845 252 37053 224 615862
3846 76 11522 58 63834
3847 148 17408 159 287151
3848 255 32298 236 329752
3849 150 15576 164 186703
3850 185 21299 218 304591
3851 22 3095 24 6407
3852 0 0 0 0
3853 9 988 9 6020
3854 20 1781 16 53130
3855 20 2725 14 17490
3856 9 453 6 333
3857 35 3236 48 26586
3858 33 3757 36 42434
3859 19 2279 21 2816
3860 0 0 0 0
3861 0 0 0 0
3862 0 0 0 0
3863 0 0 0 0
3864 0 0 0 0
3865 2 119 2 119
3866 10 632 12 700
3867 8 548 8 548
3868 13 788 15 844
3869 2 143 2 143
3870 6 429 4 325
3871 0 0 0 0
3872 8 579 6 475
3873 0 0 0 0
3874 2 143 1 91
3875 0 0 0 0
3876 0 0 0 0
3877 0 0 0 0
3878 35 3932 42 66327
3879 0 0 0 0
3880 4 271 4 208
3881 4 271 4 208
3882 0 0 0 0
3883 47 12198 48 80987
3884 37 12080 27 65933
3885 33 3596 34 67003
3886 85 24863 77 59923
3887 126 21378 134 470613
3888 136 27018 137 248139
3889 82 10465 113 356986
3890 130 20448 126 309039
3891 51 10054 56 36601
3892 51 7115 73 23757
3893 7 504 9 562
3894 13 893 12 655
3895 0 0 0 0
3896 0 0 0 0
3897 6 387 9 495
3898 4 271 4 208
3899 15 927 12 783
3900 7 4605 5 1040
3901 7 449 5 357
3902 2 143 4 223
3903 6 436 5 384
3904 0 0 0 0
3905 9 624 10 676
3906 8 579 7 527
3907 11 774 11 774
3908 6 436 5 384
3909 8 572 8 572
3910 9 5122 6 491
3911 48 10314 59 219575
3912 38 16238 43 8421
3913 66 15887 70 91641
3914 36 7065 37 70135
3915 81 13360 77 25945
3916 123 25532 123 81260
3917 78 11870 85 130645
3918 0 0 2 80
3919 0 0 0 0
3920 15 1470 24 23421
3921 57 13847 64 7679
3922 25 2531 21 1254
3923 8 1632 12 902
3924 2 119 2 119
3925 0 0 0 0
3926 17 1056 17 1225
3927 3 156 3 156
3928 2 143 1 91
3929 0 0 0 0
3930 5 291 8 423
3931 2 143 1 91
3932 1 60 0 0
3933 1 60 0 0
3934 13 2159 9 3015
3935 1 60 0 0
3936 7 478 7 403
3937 6 428 7 398
3938 0 0 0 0
3939 1 60 0 0
3940 0 0 0 0
3941 0 0 0 0
3942 2 119 1 79
3943 0 0 0 0
3944 2 143 1 91
3945 9 662 6 475
3946 9 632 10 629
3947 7 519 5 384
3948 4 293 1 98
3949 11 743 6 421
3950 8 602 5 384
3951 0 0 0 0
3952 2 143 0 0
3953 6 502 2 120
3954 3 361 0 0
3955 3 338 0 0
3956 19 1232 15 1095
3957 5 267 5 267
3958 14 883 8 587
3959 7 434 5 330
3960 11 722 11 674
3961 18 1095 15 819
3962 7 450 4 286
3963 1 83 0 0
3964 18 1154 12 811
3965 11 689 8 533
3966 17 1086 10 722
3967 10 644 6 436
3968 14 884 8 572
3969 0 0 0 0
3970 0 0 0 0
3971 7 450 4 286
3972 3 202 2 150
3973 6 390 4 286
3974 3 195 2 143
3975 34 2286 28 2727
3976 6 390 6 390
3977 4 223 3 120
3978 0 0 0 0
3979 16 988 15 846
3980 5 361 3 195
3981 8 518 6 351
3982 0 0 0 0
3983 0 0 0 0
3984 5 323 2 104
3985 0 0 0 0
3986 0 0 0 0
3987 0 0 0 0
3988 0 0 0 0
3989 0 0 0 0
3990 0 0 0 0
3991 0 0 0 0
3992 0 0 0 0
3993 0 0 0 0
3994 3 195 2 143
3995 4 247 2 143
3996 0 0 0 0
3997 0 0 0 0
3998 0 0 0 0
3999 9 561 9 468
4000 2 119 1 79
4001 6 374 6 312
4002 3 195 2 143
4003 6 390 5 338
4004 4 247 2 143
4005 10 644 6 436
4006 0 0 0 0
4007 11 1327 8 739
4008 10 644 6 436
4009 0 0 0 0
4010 0 0 0 0
4011 25 1538 12 576
4012 5 323 3 156
4013 9 560 5 236
4014 6 375 7 355
4015 11 729 5 260
4016 0 0 0 0
4017 20 1292 16 847
4018 15 969 9 483
4019 25 1629 12 624
4020 13 903 7 376
4021 21 1344 12 636
4022 0 0 0 0
4023 0 0 0 0
4024 0 0 0 0
4025 5 337 3 156
4026 0 0 0 0
4027 5 323 3 156
4028 5 323 3 156
4029 11 713 7 442
4030 0 0 0 0
4031 6 382 4 247
4032 0 0 0 0
4033 20 1274 12 858
4034 11 959 8 2572
4035 0 0 0 0
4036 3 180 2 104
4037 4 286 2 182
4038 2 143 1 91
4039 2 143 1 91
4040 0 0 0 0
4041 0 0 0 0
4042 2 196 1 1187
4043 0 0 0 0
4044 0 0 0 0
4045 0 0 0 0
4046 0 0 0 0
4047 0 0 0 0
4048 4 271 4 208
4049 4 271 4 208
4050 0 0 0 0
4051 0 0 0 0
4052 0 0 0 0
4053 0 0 0 0
4054 3 183 2 80
4055 0 0 0 0
4056 4 271 2 104
4057 8 542 6 312
4058 4 271 4 208
4059 12 827 10 520
4060 0 0 0 0
4061 7 490 5 260
4062 12 827 10 520
4063 0 0 0 0
4064 0 0 0 0
4065 0 0 0 0
4066 0 0 0 0
4067 0 0 0 0
4068 0 0 0 0
4069 0 0 0 0
4070 0 0 0 0
4071 2 259 1 827
4072 15 2169 13 2633
4073 0 0 0 0
4074 0 0 0 0
4075 0 0 0 0
4076 0 0 0 0
4077 0 0 0 0
4078 0 0 0 0
4079 0 0 0 0
4080 0 0 0 0
4081 0 0 0 0
4082 0 0 0 0
4083 0 0 0 0
4084 8 542 4 208
4085 4 271 3 156
4086 0 0 0 0
4087 24 1640 20 1040
4088 13 998 10 618
4089 0 0 0 0
4090 0 0 0 0
4091 8 542 7 364
4092 4 271 2 104
4093 0 0 0 0
4094 4 271 3 156
4095 2 216 1 1070
4096 0 0 0 0
4097 0 0 0 0
4098 0 0 0 0
4099 0 0 0 0
4100 0 0 0 0
4101 0 0 0 0
4102 0 0 0 0
4103 0 0 0 0
4104 0 0 0 0
4105 0 0 0 0
4106 0 0 0 0
4107 0 0 0 0
4108 0 0 0 0
4109 0 0 0 0
4110 0 0 0 0
4111 0 0 0 0
4112 0 0 0 0
4113 0 0 0 0
4114 0 0 0 0
4115 0 0 0 0
4116 0 0 0 0
4117 0 0 0 0
4118 27 5711 26 6093
4119 93 7482 107 162063
4120 117 13265 102 107927
4121 79 5730 84 156639
4122 34 3869 33 15787
4123 109 12460 109 142034
4124 28 4488 30 4281
4125 0 0 0 0
4126 0 0 0 0
4127 33 3596 29 13792
4128 148 18601 141 83088
4129 69 8037 91 102305
4130 102 14374 117 142121
4131 92 11820 86 154027
4132 91 13111 86 25246
4133 304 61539 232 115671
4134 81 10838 78 37110
4135 43 8677 34 12152
4136 0 0 0 0
4137 0 0 0 0
4138 0 0 0 0
4139 0 0 0 0
4140 0 0 0 0
4141 0 0 0 0
4142 0 0 0 0
4143 0 0 0 0
4144 0 0 0 0
4145 0 0 0 0
4146 0 0 0 0
4147 0 0 0 0
4148 0 0 0 0
4149 0 0 0 0
4150 0 0 0 0
4151 0 0 0 0
4152 0 0 0 0
4153 0 0 0 0
4154 0 0 0 0
4155 0 0 0 0
4156 0 0 0 0
4157 0 0 0 0
4158 0 0 0 0
4159 0 0 0 0
4160 0 0 0 0
4161 0 0 0 0
4162 0 0 0 0
4163 0 0 0 0
4164 0 0 0 0
4165 0 0 0 0
4166 0 0 0 0
4167 0 0 0 0
4168 0 0 0 0
4169 0 0 0 0
4170 0 0 0 0
4171 0 0 0 0
4172 0 0 0 0
4173 0 0 0 0
4174 0 0 0 0
4175 0 0 0 0
4176 0 0 0 0
4177 0 0 0 0
4178 0 0 0 0
4179 0 0 0 0
4180 0 0 0 0
4181 0 0 0 0
4182 0 0 0 0
4183 0 0 0 0
4184 0 0 0 0
4185 0 0 0 0
4186 0 0 0 0
4187 0 0 0 0
4188 0 0 0 0
4189 0 0 0 0
4190 0 0 0 0
4191 0 0 0 0
4192 0 0 0 0
4193 0 0 0 0
4194 0 0 0 0
4195 0 0 0 0
4196 0 0 0 0
4197 0 0 0 0
4198 0 0 0 0
4199 0 0 0 0
