11050 1193535
8501 1078430
19999 1368332
27395 1162105
20721 1151212
30643 789214
24681 1220502
30527 1081544
33285 1363947
22490 1235165
31174 825112
27998 1098291
27813 925114
27950 1101695
27893 1394987
25181 903811
26986 1282902
24965 1008271
23418 899953
27079 1348977
24872 887616
29508 1342748
22497 803289
25722 922523
26428 1101663
30339 1166284
28422 1361512
26153 912797
26402 1040502
25394 940355
31474 1099439
28902 1429077
26950 891876
22225 806299
25616 1116798
25853 761857
29002 1360855
26604 940832
30588 1273516
27332 985357
27215 1290341
26398 907131
27331 895921
31287 925566
30461 1347193
27443 1264560
26551 885866
35391 1303885
32985 959674
31013 1273102
37280 918912
33888 893415
31306 982286
30689 1333296
28745 1268977
26987 922425
29419 1105060
29143 1077178
27054 1123166
29391 1403078
26070 862653
25407 864723
29405 1385900
30242 1225369
28409 1060587
27983 1345050
25797 848635
25327 845552
29233 1191406
27691 940797
30909 1481321
37335 1124402
29108 910066
29330 1312741
26688 838042
28656 932047
29984 1436517
29769 1074379
25961 902212
27520 922975
27493 1254203
25522 864106
28031 1129020
28196 1117428
26345 994427
29750 1333981
25640 935402
30866 1389956
28503 919956
30652 1129392
25045 850042
31951 1112729
36708 1089789
28216 1186409
29005 1178860
33029 1031950
31325 973540
32914 1121538
27440 962052
28318 1253789
27237 872976
29548 1290266
27109 905025
28707 1263063
30171 1029033
25509 1183086
29317 1347440
25077 854188
27732 1277109
26648 857958
29126 1212056
27480 889897
31153 1352240
27647 1075208
24456 1044470
25749 1196699
28172 847734
28778 869906
29955 1351455
25254 1172248
24244 1036050
23707 1133199
28289 841083
26612 882928
29191 1758786
26684 855228
27099 1209287
23410 844322
26027 880060
37620 1757209
24456 860988
28320 1210645
29628 872903
24863 859583
28123 911037
32330 1774482
33175 882982
30136 1283857
26559 850967
25697 866746
24993 856177
27310 937756
31836 1747358
29382 968149
29336 1236352
27876 875343
26106 886142
26025 870891
32491 1340197
27435 933009
33433 1408881
28986 1051791
28276 997926
24696 891619
34909 1138502
33375 1146422
29790 1216166
30252 1171554
27821 863206
28388 1225834
26763 1109243
27851 890239
27246 910223
27587 1167243
31941 1682129
24916 897567
26942 875040
24969 885341
28955 1210585
26930 1027844
27579 1371250
26661 883777
28064 1192280
28313 1253880
22246 868504
23225 985500
30828 1376648
30250 1157817
26738 1063293
24305 1097362
21323 831439
25151 930621
29865 1351958
26801 1240278
25907 1258752
21410 839561
21950 822947
25432 879970
28675 1801387
21551 835942
29424 1225980
25444 827273
28209 856311
29399 1679356
25134 958235
25282 1209196
23113 828872
27081 796142
27188 825295
33040 1747107
33491 1039010
44472 1166232
24046 927082
26343 943011
25964 874631
30106 1272716
29663 1442951
26635 1184778
27716 940216
28070 870026
28515 899777
31311 1335251
29767 915273
33380 1490136
29726 1196857
26205 866558
27831 883359
26587 922870
29540 1110145
30527 1164488
38825 1411451
30926 991278
34504 947831
30184 942577
30972 1216744
27287 1151689
26123 857126
28629 937719
29405 885709
37898 1870949
30273 916398
29368 1028020
26985 928657
24442 887718
29572 1247642
33281 1098667
34472 954902
32347 1415778
30027 928673
27282 1173113
27950 1094304
33550 998584
43935 925582
35846 924572
34685 1211231
33882 1529288
29135 884932
25236 959595
27301 937233
28221 918727
36786 1514528
30599 1219012
34985 1049198
27529 909334
24845 917429
26442 939759
31342 1177767
36672 1448872
32007 952641
34350 921427
25848 928928
32278 1247928
30109 1318386
27898 983295
28888 961091
26797 936707
35021 1642225
27823 938070
27601 1122069
25413 882399
26600 944935
29273 960748
33796 1610272
28006 937864
28149 1061005
26131 902056
31922 963919
33339 1227608
36137 1619249
29200 914087
30706 946315
29476 939779
27302 921015
36733 1264199
34412 1085042
35688 1333893
31369 894870
31001 961891
29889 924523
30118 927163
35194 1744450
28669 973434
29250 945361
32033 958775
30069 917701
31932 1210514
31159 1326789
27946 1041144
29498 997699
30754 977012
30915 1193620
33115 919697
34010 1403874
30337 1033214
28463 938561
38309 1235341
30597 931551
32315 1004449
35500 1274141
37679 987357
37729 1340036
33673 1194940
34986 930769
28421 890782
29246 1203107
36669 1590180
34032 1079330
30795 896870
28397 942916
27008 910221
27336 856806
32402 1391109
31769 1377438
30517 1090602
29656 912408
32198 925224
39071 1170135
32184 928339
34306 1252105
33962 1187705
28633 921297
32805 1178001
33351 1191748
27977 855240
30013 890433
29594 1030403
36359 1321858
35225 1103836
34549 1500412
29754 935406
31679 921845
30979 923243
34612 924545
36371 1513438
35731 1214635
34826 994044
31634 1085617
29644 884349
29641 914218
31955 959411
36292 1337662
32979 1490746
36635 1037808
34408 937011
29935 969193
28348 1027142
33166 1212251
31335 1295290
31180 970360
31800 1237053
29065 1017839
29859 1045931
30838 1135462
29283 908312
32752 1351524
28135 862789
31872 1019862
33067 1241773
32080 1156494
32707 1010587
33937 1004401
36206 1402180
32126 912916
31168 1244366
33357 910331
36717 1191686
28963 895316
30574 899782
30637 1444729
34604 1045262
31539 1072705
32602 1190577
31480 1191063
30398 879423
31590 890191
32101 1380595
30725 887877
34685 1292184
31345 1051757
33061 1074425
40257 1028511
28939 916048
36869 1292679
34915 1387584
28853 908522
32959 974838
31757 944269
30780 1127071
34822 1038571
35996 1349313
34310 1212075
30140 1025199
32216 1023643
32444 1200182
31723 901212
33797 915541
34426 1169684
31158 972565
35324 1392343
33460 899841
30704 897701
37448 1403981
37176 1204160
38878 959902
32308 964233
31665 1229016
30672 1104527
35046 1053246
39133 943035
38639 1474612
31386 938810
29604 942350
34789 1274556
33888 1134072
29090 924071
35024 965438
39729 1269292
38092 936342
29441 961708
33495 1249428
34134 1160375
38423 1054875
39404 967863
34649 1000527
35813 1239316
33276 952935
31486 1106829
41954 1384158
37925 1005612
34981 988784
33302 981747
34398 1273398
31861 967057
29854 980195
35636 1422398
31636 910760
36701 1125230
30682 977214
30805 948255
35830 1269998
32689 985147
34304 1265397
33284 1158881
32860 1008281
32308 981054
30366 924105
35678 1285874
32807 980396
35724 1313048
37665 1095551
34412 1046099
34102 959401
38005 991795
33856 1244722
32408 983301
29593 952587
33203 1330793
37186 1120450
32853 982863
30948 1018557
37530 1275693
34681 982714
34019 956694
36334 1377016
35033 1015382
30507 1012838
37648 1020435
33556 961299
33753 1226270
32584 1001544
33891 982549
37746 1400911
34153 1061904
32872 1017975
31548 941288
32910 1188292
33315 1025896
33352 975071
36977 1204851
33189 1233911
30625 1000563
30645 979514
39867 1189959
33506 996829
32651 963212
35258 1312001
31568 1036555
30499 1081730
32163 1219901
32609 998293
32533 966851
33125 984685
37054 1302313
35490 1068064
33182 1077612
31866 1186603
33010 1014803
37185 972790
34948 949246
36176 1349668
32967 1082704
34441 1052679
32617 1234779
31530 1004767
32891 965830
41196 993500
34614 1300823
30633 1071681
34414 1034245
35699 1281671
41698 981568
41613 985837
38028 961051
34411 969095
34400 1412706
31947 957427
37372 1348828
35078 1029821
33128 959620
34450 1008944
36091 1388580
32077 982294
32892 1015259
33544 1062227
33875 1007548
32691 1210731
34655 1010991
32986 953165
36700 1334927
37353 1054750
39143 1104019
33294 978562
36988 1256342
37174 936448
36646 953342
32790 969784
37621 1440769
34000 975999
35160 1122183
34772 1225357
31118 960717
32336 976650
40661 965071
37101 1261091
30891 1211651
33001 1014639
34760 1264972
31840 947491
34309 962222
32828 994701
34540 1379513
31780 992580
33428 1063692
33479 1012135
37812 1170631
41179 1013639
33342 944784
37811 1299333
34972 1260232
36408 1104083
30842 927170
33545 1227165
32637 934343
32459 1027474
31194 981429
32665 1340934
32413 978120
32239 1147933
33368 1141506
30621 944612
31176 932624
34839 970896
37028 1260564
33784 1237298
32558 1030349
39484 1254771
36589 966482
41958 1028056
33686 970634
34766 1396799
33268 990393
32683 1019340
32689 1047998
36017 1009425
34277 1227637
33574 944951
32708 970348
32878 1169397
34353 1258908
35128 979035
35465 1078233
33615 1219534
28737 942580
25296 987589
24764 892066
34566 1389165
37596 1045047
37572 1407839
34906 968340
35534 986173
33474 975194
36061 937468
43481 1427498
35217 1042090
34627 1089478
32856 1137281
35051 1027222
31724 959632
32480 993513
34287 994093
35931 1428141
31970 976264
34026 1284687
34546 958309
34141 1027237
35337 972818
34962 979290
49162 1255606
38370 1194795
40781 1665384
33602 934202
33933 986907
35215 925937
29111 915790
33312 990644
35770 1249761
38120 1348991
35344 1077218
35096 964220
34637 1020067
36774 1426282
33110 953650
34798 967869
33165 989469
35106 974532
35318 1228320
34642 1051022
38801 1360086
39612 1095619
32091 950840
32931 927617
34850 975818
32754 1225622
34248 983771
39588 1253823
32923 1058190
35121 982064
36455 1103441
32425 945047
35553 1181492
37788 1505175
31925 1088334
31846 979679
31954 941985
32834 983151
31457 962076
31845 1017661
37751 1387565
36907 1231495
40948 979172
37334 959662
33150 1044798
45226 972811
35837 894808
32563 1449945
38290 1062673
49234 1290463
36490 972000
35384 984336
34107 978396
33284 1314896
35770 1094422
34954 981076
35949 1000449
35870 1249074
30791 927388
36417 1451686
34334 975733
33512 993508
34102 995877
34325 995662
35412 1238918
33132 971748
37201 1412205
40781 1009103
33373 1004325
35977 962843
35488 998755
32778 1011215
36249 1258258
36531 1386359
35334 994909
33894 969427
35558 986740
36427 1007780
35143 997110
38200 1289848
37561 1366008
32607 988393
34256 943312
38484 989819
32933 991779
34133 972533
38458 1144948
39153 1349749
38745 1287885
36825 997190
35354 987911
33024 1006733
35133 995555
34272 1294624
33078 1129081
33844 981944
37173 1254291
42057 1034435
33843 975822
32395 948654
38471 1391769
32784 995568
32295 1013217
35493 1014639
32614 959928
46640 1287008
36119 1002158
38379 1354524
44880 1075498
36477 1008957
38204 1017195
35454 974338
34030 994357
36163 971091
36739 1515222
34557 1007395
35334 1003734
34549 985360
39499 1290827
33934 1036466
36272 968987
34957 982514
35311 1244888
37255 1274069
34614 1020954
32933 991762
35220 1011241
34376 991743
35152 1278752
37844 981061
40494 1009339
39705 1259497
36901 1235433
37269 1025351
31002 971193
35346 1020335
39114 994655
35409 1232744
38876 1011815
34169 972035
34852 1267379
33428 982140
38716 1285873
37708 1008495
35770 997351
33924 1001059
36099 1278085
33445 979618
36502 1279588
35276 978658
37490 1025700
36572 1231419
35089 1017088
40321 992552
39235 1033144
35553 974324
37953 1543259
38609 967137
34379 985720
34977 1011910
35467 1268668
35429 991281
37971 981800
38332 989562
34954 1045836
39333 1257756
36204 1266725
34293 937288
35333 1008670
34586 1016416
35407 1267485
33794 974757
37255 990256
41814 1036600
47964 1190057
37142 1314225
35505 1033635
34542 939699
38147 1019867
39119 1301506
34273 996987
36700 1007575
34719 1026714
41340 1221561
38693 1308370
37583 1019015
35986 968447
32921 1024338
34977 1027668
35706 1249139
35736 1007546
34315 977244
36104 1261087
41836 1244514
37768 1051272
34790 1007531
37893 992492
36074 992941
43008 1336271
37302 1009920
34513 957933
38531 1266962
35561 1020017
34792 1028145
38818 1075188
35838 1214058
37374 1091379
37176 1038464
36035 1092599
35607 1104941
35223 1211147
36295 1228837
34579 934987
37593 1127396
34044 972773
37524 1320407
35590 939246
31016 915554
37823 1013565
38097 1073699
38789 1506332
40740 1095363
35080 932568
36474 993120
33747 936254
42357 1306118
35409 1086590
35133 977267
36004 980977
31777 964479
36322 1463441
33015 1068541
38469 978358
35524 1040012
35640 1036578
32746 1232797
35251 944774
35126 929053
35168 970946
36371 1210199
41193 1298272
40694 1026204
37806 993726
35449 963509
36966 1302323
35120 994850
37924 1050878
34686 1008920
35208 962751
38592 1566183
36268 1012178
35584 975150
35541 995416
40795 1007977
35118 1292485
38659 1018177
32675 967811
36562 993558
42252 1347940
38110 1131631
36442 1064065
35619 998978
34693 1012522
55164 1116560
41873 1184869
36564 998190
35415 978366
37699 1339243
34730 1128248
38076 1073292
34893 978707
36628 1046140
35725 1154574
34937 1197755
36379 1034958
35294 981130
34883 1122313
36310 1431019
37123 1084586
37732 951986
37090 994382
33601 997718
35121 1219585
35893 1033197
34655 1007639
47611 1161331
40678 1093897
39760 1248639
35310 1057278
32366 984861
34128 1042426
32946 966623
42667 1340322
34637 983107
36572 1043093
39406 1166759
35840 1075194
37225 1300034
33803 1029916
34958 984426
37111 993901
37164 1118919
37300 1084901
32749 967206
36911 1049256
34568 1218768
37438 1228892
35971 1053622
37624 999615
37277 986384
34841 1051202
35999 1298645
34084 969268
37331 1041678
33962 1215873
38268 1304512
39976 1089529
36930 954222
45618 1020926
35253 985561
32967 1218928
33008 1005897
35547 1095379
42231 1263954
36737 976626
35163 1083290
35885 1272746
36215 1052224
30913 953919
34843 979403
35496 1251286
33872 1016973
34565 1010856
35722 1251479
34656 1054762
35947 1043957
36628 1204992
32878 988346
35980 1016707
32715 938734
33088 952073
38498 1231834
36018 1065274
36824 1220994
35791 975873
44993 1009934
33869 1248273
34670 971682
32553 995492
34956 1000456
34437 1131990
36565 1155343
35545 1060548
36429 1195108
33238 1001967
34200 1263056
31976 1026199
32178 959443
35591 1049009
36580 1271360
37680 1013386
32222 1014334
36594 1275836
35737 969032
36641 1217200
34359 1024291
34480 998491
37555 1000476
35489 1056393
39524 1263531
39319 1012578
36973 1251016
35004 980881
33899 1228513
32388 966241
41634 1074321
34986 1012021
32401 1003980
36508 1261890
32456 1002617
35778 1015172
39544 1262413
33351 1016177
35819 1187754
36051 1055643
34600 944759
35562 995903
35436 1048235
38084 1240754
36266 1028243
39781 1295008
33346 1005052
33148 1010171
34167 1141639
32391 1094694
37040 960444
38862 1047016
38174 1286662
33366 1015697
36818 1244343
33440 979749
34248 1015735
37391 1259985
31643 957502
34307 1004838
47454 1047911
38008 1278339
34682 991519
37200 1230484
37808 1027388
36339 1010737
36117 1249297
34411 992511
36817 1044349
36850 999946
31855 944691
37531 1286245
36947 1049487
34148 1262368
33720 976542
34634 1065847
37395 1320154
31279 956188
32085 973983
33066 988897
36699 996296
35934 1280342
36087 1303676
37094 1012253
34647 1007240
33901 1041963
38030 1283082
36630 990259
34264 1025651
35920 1053241
33847 1006612
36571 1298669
37407 1271355
34405 1039031
38470 1054421
38052 1229499
39635 1087937
32825 957702
34920 950949
37704 1010783
35244 1251746
34226 977065
37986 1293504
35957 1066596
31672 957123
37407 1304865
35875 1010698
35882 1046145
33871 1003797
34499 942902
39185 1080872
35998 1158265
33254 1258218
30891 980424
33250 1029533
34083 1157177
36648 1119811
36611 1003674
33597 981363
32697 1021230
44020 1237147
32846 1288375
36183 1015490
34858 984475
36846 1078446
33902 1374203
31024 948659
33800 941683
31200 914563
38298 1276393
38462 1025168
39822 1358692
35559 1030575
32778 966575
35222 1243203
29823 953429
31927 1008455
35168 958468
34920 985266
35470 1232142
32962 1106096
36472 1234546
31811 975803
34546 1125804
33734 958886
34659 1212449
30634 950595
34873 984067
36091 1055244
38149 1298774
38259 1264919
30714 950440
36968 1039704
34305 1260101
31788 984101
29259 1010390
31470 1051617
29393 931270
37531 1281088
35511 1031239
36670 1265456
33665 985618
32968 976562
35110 1233473
34865 999786
36273 1054071
32648 996403
34871 1017167
36661 1318390
35222 1215378
34095 989107
37132 1056572
35581 983279
39211 1297958
33942 1034447
31001 932886
34325 1044122
35058 1017070
37276 1346331
38475 1205559
39896 937109
39149 1329076
33254 1205775
34298 1039027
33026 969069
30229 957631
31770 916826
41379 1504438
37413 1416404
32515 880784
31912 870338
35511 973687
31279 919393
35581 1311230
37754 950112
32254 1062352
29356 918586
36016 1101207
36753 1423797
32473 952735
30434 952876
36474 1234669
38461 1175801
31146 961211
34521 953833
32560 960579
33306 1186616
35840 1150312
36521 1217275
34370 1083121
36768 968221
35511 1212223
32031 960821
33347 937533
38812 1481446
37884 997116
40962 1111152
38968 1250610
35757 1027113
35045 950091
33208 982223
38129 1091199
34111 1206976
36308 1061361
36595 1032471
34699 1000973
36788 1477614
35286 985355
34895 1001754
36352 1078115
32477 964798
38380 1399594
34698 940213
28702 921553
30431 996591
30387 1004432
27924 1445486
27902 1114523
24370 944402
25432 1054249
38473 1230109
24266 1089065
24835 1005193
28445 1010596
32129 1042694
32223 1406822
31726 1088963
33407 949903
32592 980694
34983 957487
34617 1055280
33036 1256050
38923 1025633
36313 998725
35909 1292607
36199 1231788
37736 1016850
32627 997643
34380 1004812
36069 1035361
35795 1250358
33414 935885
33704 1017861
36501 1068113
41551 1527359
35853 979504
29948 955893
31799 1013125
37460 1188594
33986 1088914
41319 1030998
38335 979459
37108 1346430
38730 1195903
35109 1024784
34258 976577
34711 1016602
33950 1166022
37780 1069003
35529 968371
37432 1071618
36287 1267101
32374 1007912
37623 1290843
33326 952736
33762 970676
37708 1215582
32597 1069817
35810 1014689
33818 1003735
33329 959316
38797 1287575
34641 1261149
39478 981280
39590 1015198
34572 1265819
38016 1083131
35690 1000731
35061 951616
35848 1030913
50130 1272463
36335 1305725
33360 955098
33057 984085
34377 1008118
34082 1143657
38097 1186804
39995 983462
37749 981403
34558 979870
35743 1240659
36233 1364852
35740 1018608
35529 1022025
38118 1015596
38986 1270352
38744 1019352
36497 978035
36386 1037507
40072 1049141
37872 1496979
39995 1245249
33582 973581
32828 976846
34324 952621
34931 1160405
34617 1072789
36270 1017166
35755 987514
36654 953243
43099 1622177
34936 1092014
32322 967179
34478 969768
33429 1005989
38848 1228570
36400 1040755
33721 980865
33036 999333
35486 987567
41900 1553613
40390 960885
39316 1039150
36366 1114484
36273 998103
38126 1323211
34141 930458
34904 977869
34284 984828
38642 1412656
37945 1127122
34273 985544
33736 983691
34301 1020389
38435 1302574
36697 1000320
38182 1002866
35482 1016130
39640 1266344
38153 1246716
46863 994595
34091 1035373
35313 992843
35543 1266453
35439 970862
33347 1009038
35025 1045181
37540 1265985
36047 1283992
34863 1049199
34802 982789
37644 976151
34075 1205872
34294 1001876
32912 1016296
35058 1021467
35258 965965
37644 1309106
40892 1291851
35921 992774
36635 993289
37052 1007998
37197 1283428
36521 1030668
33555 992053
34320 1028348
32037 982676
38880 1264770
40052 1265979
34374 1026359
38393 999037
40555 984999
37707 1285276
34605 986558
34713 1025669
33285 993480
36516 994694
36604 1278962
35203 1251083
38311 1017352
39176 1023526
34848 998560
37983 1306064
34205 1022593
36567 987009
35909 1025551
34407 1098720
34863 1086217
38389 1257707
35828 1004155
36159 1036314
36143 1014088
35710 1304353
35331 996402
36485 992183
35312 1012967
38498 1295380
38528 1023178
37581 1258432
35852 981377
47855 1284602
34291 972691
35965 1029544
38202 998233
37938 1223576
33751 1007530
34877 1027398
34093 1008670
37977 1273137
37305 1050451
37572 1222308
37830 993982
33093 985326
36273 1031899
34646 1017208
40414 1275513
36789 960456
36003 1006583
36828 1252486
35227 1009107
35019 1274679
40341 1012224
38485 1034919
34636 1004209
35083 1252971
34251 960294
38570 1074868
38560 1244514
39386 1036244
38607 1234873
36831 1001818
37788 992248
37191 1028371
34417 978915
33764 1281149
36574 1007548
36836 1007282
36404 1263154
32525 970461
38865 1353398
40255 966058
39359 979241
39316 1019214
37745 1263639
34803 1025065
33922 1010569
39938 1233505
32434 992519
39299 1299263
34107 980109
32502 995946
33308 1008387
39414 1271584
36277 980368
34945 1018840
35609 1077722
36043 1221349
35682 1235325
34161 989990
36942 1015712
46825 975984
33594 1012772
35385 985095
37236 1049735
35425 1004340
45115 1299206
38614 1059525
41741 1079362
35266 1279338
35028 979633
41933 1281812
35165 985296
38689 978578
35284 1042166
40068 1516340
34440 966393
34230 1034107
33260 954414
38559 1227707
35193 1057804
32715 1015232
33878 974315
37726 1042041
38321 1353961
36030 1175669
36570 998159
35085 983776
38442 1245447
34025 971521
32578 956756
36938 984863
35480 1028233
40296 1551423
40447 1137655
35229 954326
33706 986374
34416 999880
34907 1019001
37005 1230547
41039 1187758
36782 1006656
36956 1255442
39486 1026273
43108 1012628
34648 976952
37645 1249302
40679 1152664
41113 1038986
37555 1081533
37314 1042970
34120 1255360
30158 1024151
35771 1290797
35057 993314
41839 1002080
34218 1024620
31498 982014
35485 1266923
37467 1010837
38989 1269180
44345 1009867
39202 1057344
38394 1219564
33629 1075782
33155 992831
35735 1033602
36588 1032764
42480 1276704
36287 1053562
41272 1248917
40294 1035403
36140 1004886
33634 993888
40601 1357666
37099 957803
34393 963791
37478 1008746
38172 993737
40764 1268369
38867 1025119
38590 1277205
35183 1021945
35944 1253367
34984 1005293
33618 990459
38440 1033708
34067 996970
35513 1248366
37847 1025137
44053 1034926
40579 1261264
36994 993838
39087 1024262
37525 1281691
35267 1000895
37271 1010581
36060 990967
35764 1034943
37393 1266500
38199 1055563
40101 1245324
36354 921447
33235 999894
37310 1277164
36695 1034984
35087 969957
34553 1030891
33312 1216060
34919 1026547
35226 1005785
34168 1234529
38823 1032494
38562 1204326
34104 1069252
33945 1009257
34265 1004830
36313 1007104
36707 1179868
35812 1101363
37616 986683
46941 1276542
39493 995696
33939 989402
35319 1313609
34358 1014259
33675 994406
35430 1001175
36023 998832
37456 1297059
33627 987229
38288 1288067
33876 1001209
35402 1282991
33475 992468
33343 995269
33941 984092
35737 1242113
38444 1048776
35143 987540
34214 986760
37949 1257567
37665 1251443
40441 1044730
34700 1022839
33238 1019102
35104 1016883
36546 1253206
35113 1017554
34617 1016505
37141 1299724
36950 997155
37499 1291211
30158 984697
32469 972332
32047 930963
37191 1046209
36371 1429311
40309 1110439
37781 985855
36358 1245672
34077 972485
37693 1299492
32939 979909
35024 980222
35261 1020275
33050 996075
40655 1399994
34553 1003571
32313 948482
36921 1273401
32651 937085
35368 1269986
31937 978643
35122 1009413
36257 1118038
35062 1077344
32841 1210707
33361 918621
35667 967983
37611 1285522
42595 1012187
34639 1260393
32344 1006970
37456 1052316
40560 1155227
36163 1015841
37747 1015447
32347 1178956
32503 958368
38436 1303221
35510 1075441
38696 1318726
36178 1020333
32493 974784
31968 975232
33819 998657
36184 1145846
33409 1044029
35221 1000275
39764 1285707
33968 1009448
37178 1310128
34535 1096732
33320 981813
36600 978396
34903 948292
37132 1232885
33784 969756
35045 973446
36170 1306289
35238 1052117
36503 1316287
35168 1029528
33041 976301
32698 1006682
33822 960694
34055 1246980
37453 1014384
34627 1261505
38596 1061267
35966 1048755
41033 1339698
33281 948638
37742 981387
35299 1003436
36146 1012302
37787 1204307
40051 1128747
38464 1354300
38112 1018403
36257 960279
38800 1269327
33400 964297
33918 1003095
35675 978462
33559 946712
37358 1158246
40392 1337605
38517 1245636
35381 982767
42804 1005107
36968 999966
37376 1253527
33994 1005257
32331 936796
36737 990485
35851 1246793
34945 1050158
41656 1383376
35662 979133
35595 974772
41237 1170856
39701 1101882
33967 999524
32564 967851
34600 987878
38160 1095162
38646 1241938
39448 1390338
32743 969983
33171 984459
35910 1030812
35590 1238965
36237 960913
35977 998842
35612 986751
36944 1009901
35339 1246260
39382 1365039
34988 1050815
42515 1026393
35284 914669
38946 1274895
37538 988569
36691 1041316
33890 977763
34526 1055177
39142 1239406
40122 1367173
32652 1020371
31451 951008
36800 1006771
36232 1195167
36012 1037699
38592 1097796
34264 1030093
36292 1033804
38094 1234173
42747 1372694
39852 990974
34697 958307
35606 1006643
33637 999463
45092 1182114
40016 1067639
36549 993717
35873 1035691
37396 1011407
39643 1483076
36923 1075320
44366 1011154
35779 999668
34061 1018999
36994 1245077
38874 1038049
37025 988539
36406 1020651
41453 1055228
41970 1562706
35307 1020911
32316 963327
34242 1008714
39084 1022188
36467 1004283
39067 1272898
37750 1020019
34192 980829
35537 1004431
37305 1281024
35814 1030227
39309 1259834
35782 1026274
34040 989087
34142 1049262
36530 983324
38300 1375649
35375 1014091
34684 1020448
42975 1250058
33874 1016397
39812 1018130
35129 1131932
33629 1203800
35076 963172
36977 979938
37576 1020023
37419 1171788
41192 1157993
37748 1266966
34632 1002829
36790 1037151
37458 1305612
36350 996587
34279 984330
36895 1022193
33558 989990
39247 1283825
36934 1049599
37114 1247193
38912 972946
35595 1029369
39271 1169503
39244 1146468
35350 1021995
39203 1044903
34217 995548
38954 1055508
37473 1232037
39061 1300402
34954 992798
38594 992025
40094 1013409
35103 1221250
33744 1119291
29224 1007903
34698 1046001
36294 1008942
39794 1353286
37826 1228620
35994 1012301
36398 997326
34059 965687
38411 1028873
37023 1272935
34979 998158
37731 1047542
37170 1036989
34267 974204
38719 1320192
41906 1227827
37065 1008144
36023 988375
38701 1028355
38789 1287321
36575 1003925
36517 1006580
37704 1029034
37523 967713
38116 1053990
37183 1537324
39180 1028162
34838 958446
34960 1022506
36849 1010355
37216 1274004
35715 1024618
39349 997447
37407 1003028
37013 1023469
39774 1269428
37316 1305475
35910 967784
37695 1009832
33937 951008
33580 1279658
35192 1024793
35216 983694
35581 984381
36555 1004037
38739 1543037
35170 1019003
38199 1024799
37057 1015132
33047 985544
38522 1277037
38206 1024273
36971 1003658
38215 1018183
34048 1262358
37522 1271486
44309 1008019
35512 1006481
38812 1010553
36806 994542
35857 1279128
35407 998550
34792 1023762
33526 1026140
38683 1263485
39263 1228730
34771 1021400
34602 1001262
35788 1008331
35772 991728
36092 1305378
35578 1011035
36393 960035
39649 1028883
39321 1261011
34787 1236067
36437 1054693
36095 1031820
38257 1008120
38026 1001240
40611 1267425
35129 984229
33901 974374
37193 1255713
33015 967698
39864 1343042
39797 993373
37521 1003723
38331 1063123
35548 1013616
36147 1202576
33626 1056062
34008 1171829
38163 1055423
35809 962086
37779 1287620
36840 1006370
36266 1016956
37064 1020602
37089 1267148
38297 1004361
42292 1305132
34259 1013739
35206 1020384
37622 1239318
42533 1071062
35860 968207
44099 1000674
36403 989776
40957 1326669
38341 1276030
37749 1016202
36369 1001151
35755 990140
34232 1269585
36435 1017912
46543 1017588
35062 985693
34945 977598
40273 1296498
37136 1287995
36862 1025614
35602 950026
36007 1001351
39881 1299886
35382 1008572
33622 996742
35149 974557
40080 1291295
40796 1004263
38451 1306607
32330 981827
35356 1037643
38756 1141016
38895 1149922
39068 1021055
36216 1008855
33981 986089
40252 1221684
37130 1364253
38524 1023298
35272 948239
34913 1000372
34049 987405
38893 1289939
37465 1064349
38928 993257
38373 1045878
36364 963144
42091 1451764
39289 1087665
35110 1062695
35048 1005899
35792 980994
37947 1245204
36268 1071427
35558 1036383
39007 966992
37144 980584
43778 1548182
37242 990434
36943 1019894
37103 1037749
34575 978958
34515 1023933
37020 1296627
35885 983042
34341 1007179
36822 1026602
38531 1284454
38804 1294525
35756 984073
38273 1006797
39792 1071987
37608 998357
38386 1263868
44887 1044441
33718 997991
35635 1024632
36593 1263497
38871 1308823
37271 997425
38536 1015190
36760 1009628
35710 986809
36445 1220894
33614 978061
34519 1005448
38510 1032565
36121 1280557
37692 1256490
38351 998596
35556 987656
34373 1022129
36885 1041417
32507 1268531
37546 1044891
37096 997041
39165 1038634
39511 1269731
35460 1258327
35616 974165
36811 1022396
36984 976912
33805 987283
38204 1300169
37195 976721
35396 1020953
43128 1286732
34008 983053
33826 1293755
35003 1052590
34216 1015520
35429 982255
36315 962704
36595 1308392
37475 1003262
36722 1071079
36391 1230464
36562 1040142
37600 1278982
33830 985244
37316 1030742
32962 965820
36718 1007601
40215 1016337
35349 1267597
37142 1050408
39967 1260216
35254 1015632
35114 1032261
34623 1260178
33851 1024628
34464 1006855
34631 989295
35394 976199
46792 1263862
37473 1272986
34210 1018731
38639 967801
38884 1029742
35344 1304616
27511 991344
42721 1031490
34082 979659
34480 1031349
42221 1302673
37847 1278449
35190 1018766
34708 1015988
33343 974969
38527 1266437
37764 1033969
33120 966302
36242 1036091
34836 1027125
35194 1028560
41197 1483510
35921 1081017
32075 992283
34772 996426
33140 993252
37115 1290549
37096 988309
38030 1031761
36109 997950
39685 1268187
35392 1255461
37492 1007342
36926 1022450
32818 985953
33362 1030816
35538 1217213
38433 1045175
35569 975404
38255 1018548
36809 1265497
38694 1281794
39836 1025208
36427 972388
34330 1000599
28048 978432
34642 1034895
35805 1246579
36510 967870
35315 1043296
44584 1273086
37168 1260342
36875 1021754
36872 1047709
35122 997387
37544 1020061
33087 1296664
34261 969567
39686 1004637
38147 1281774
45427 991476
35380 1001474
33761 1254206
35354 1041337
32105 985014
34503 1003709
36202 1253215
36220 1062748
36534 1233590
34492 992636
33249 1020646
35088 1225427
36303 1034731
35346 994260
34509 1017826
34475 1028405
38617 1297511
37030 1265267
33765 1018625
33853 975756
41875 1007264
35819 1244142
41944 1211150
33494 1035276
35519 1006853
32492 940872
33634 976171
40465 1620459
38870 1131274
36853 957825
37572 965462
32643 949926
33102 1255946
34482 1011893
33594 1188001
31933 962681
38033 1226425
35510 1272902
29932 895379
38295 1066669
35083 1056612
35284 1072046
36731 1257553
35629 980616
33090 989420
34671 1023247
35139 1250956
37279 981262
40611 1390927
31817 950361
36158 1010860
37131 937954
32706 1066149
35642 1288425
37396 1087840
34163 924083
36605 1254108
33110 988632
37024 1228783
36497 1067991
45656 1020789
33168 1073857
35144 990658
33972 1194420
36014 1084656
39226 1263145
37904 1132581
34742 1089737
40532 966913
35471 1003966
37557 1343394
36704 1014676
36835 976714
36342 1009705
35177 1003505
38143 1261590
40656 1279213
40238 1049936
34424 942776
35565 1049560
34297 966278
40593 1295642
33307 958107
37472 967384
39348 1308528
33725 1011652
36332 1206613
36971 1064152
33363 989449
35257 1002699
37330 995630
37584 1294901
39343 1023548
41434 1246785
36993 996351
33332 991517
41065 1304826
34584 999195
33814 1028259
34607 997282
37092 1001031
39617 1266452
36213 1261400
35174 1029142
34671 1021864
37195 1294122
37897 962799
38193 1027973
35211 975441
33724 979612
39212 1298401
37510 1235195
37693 1010046
37507 981147
38553 1008193
35528 1255165
34461 1023835
35570 1003777
38776 1013208
36152 1009659
47497 1547005
35573 1013790
34979 985918
39760 1011553
35824 1007637
38566 1048479
33124 1209251
38391 1020694
34485 970752
38856 1269005
37504 1265389
36115 1022735
38937 1027983
36834 1012201
34497 991892
40247 1280227
37993 975577
37599 1013709
38403 1269995
35173 1007458
35409 1220670
39181 1093398
38830 974608
35887 988033
35945 1006280
38375 1286804
35326 1022936
36530 1221449
38119 983833
35358 1007844
40829 1245315
37743 1043937
37779 1044529
38175 994567
35209 1002563
35946 1299747
39264 1240307
37264 978629
33412 974961
35884 1008645
42082 1157938
35231 1123509
44245 1042197
41630 1017382
40462 1286900
42307 1367925
36182 1004561
33412 968893
35658 1015287
35763 1018916
34697 1008560
38246 1267056
38195 1005845
39283 1029794
38835 1235739
36424 1066509
36154 1275914
36500 986816
36746 979922
36755 1011237
51000 1038051
38056 1286691
34640 1021478
36812 1267257
37974 1025521
35694 992016
38526 1279070
36203 991323
36268 1018885
36946 989329
35658 1018176
37376 1115028
36333 1183579
38445 1264949
36408 1014941
37206 1005609
36792 1008383
38272 1283637
38020 1019718
38790 998106
38193 1030629
34989 1014553
38433 1550118
35749 1028902
35258 964954
34452 1018814
36486 940887
40193 1058655
38486 1235411
35784 1018428
35884 1048153
38121 981508
35831 1256382
36431 1029669
37472 1250705
36743 1019541
38758 1054592
38319 997789
35049 1257686
37561 1053212
37916 990791
38346 1266584
38334 1028843
37257 992064
36394 1222552
33739 1033283
33843 1012234
38786 1025115
38434 1028422
39738 1295782
35161 980645
37849 1266794
34707 997558
35788 1005987
40213 1280767
39418 1039845
37246 1030771
35909 991628
36062 1007689
36492 1050459
48124 1296265
35836 1170513
36571 1035545
34759 996219
33546 1018066
32941 1080424
38094 1189066
37312 1025078
34254 993824
36921 1039008
37489 1224616
35945 1203838
36149 1107664
33892 1012613
34871 1016665
36563 1003913
37117 1244268
37081 1034141
37586 998306
36700 1238776
37130 1035312
39220 1275363
34384 959574
35681 1029449
37153 1010065
34154 1003477
34823 1017990
37956 1360205
39046 1051588
39695 1263522
39789 1008931
39790 995852
35881 980499
37397 994371
40480 1288072
36264 1012547
36048 1016390
39310 1041597
39345 1245845
39920 1283028
37199 993804
34414 1005451
38673 1024511
37419 1021605
41220 1296014
39821 1015030
36677 991920
36499 1029588
37522 1259664
34570 992984
38417 1307554
38213 1014626
36154 1012947
36246 976739
34407 1025395
37797 1267374
37728 1012922
39830 1239812
36411 990765
38375 992449
44999 1260452
37416 1024900
34755 1008263
34264 988267
36061 1021116
27595 1012472
39064 1506773
31721 1001660
36840 1058891
33864 990588
35994 1247187
33818 1039341
35828 1011316
38042 995268
36767 1028447
37165 1496513
35558 1021033
35844 996950
36053 1008200
36396 1072180
34315 1006974
38507 1089432
37566 1179023
41219 1026082
42011 1266911
36367 983663
35895 1012605
39485 1059656
37489 1260500
36463 1006712
38747 973726
35047 979732
33735 1018760
38956 1055401
41551 1493080
37237 1033996
36704 994315
39438 1288502
37018 1022241
37705 1016519
37318 1044761
35433 978138
37556 1001260
40172 1286543
35376 937566
37038 1048928
39583 1115973
40644 1315269
36392 948922
36842 1009102
38608 1269772
37656 1066866
35010 1248296
32989 986560
38896 1051068
40820 1286601
37837 1034606
34745 1000074
33082 965382
38595 983362
48781 1272939
38746 1302020
36013 983013
36763 1023049
34597 976481
38377 1255211
35496 1042385
34582 1000567
36832 1016953
36742 985789
43511 1349855
38435 1199836
32606 1059650
35479 1017854
42112 984998
40433 1284671
35309 1004135
39233 1011905
37554 1010687
38082 1021009
38006 1507076
39908 1045234
40031 1015444
37214 956781
37602 1023024
36736 1005711
39249 1297932
33936 976993
37886 1029046
37826 1259930
41167 1054593
34670 993502
41783 1240612
35388 973392
38852 1022295
34520 987931
36021 1262631
37143 1031881
40673 1308218
37882 990331
35827 1017511
36989 1281400
34838 952962
41407 1044777
37314 1021728
37490 1003424
38418 1011941
40354 1542666
34719 992500
37522 1023216
33607 968957
37674 1009235
41443 1293955
36359 991994
34810 1010010
35351 982865
38896 1308551
37330 1218516
36503 987485
35776 1009567
42750 1000715
37045 1025710
34070 994250
39592 1281598
39299 1004101
41015 1317190
37881 1010023
37857 1193685
36153 1078759
39203 1011606
41315 994784
37343 985612
37359 1273836
36214 987084
39661 1282051
38153 1011902
36297 989088
35724 1308519
38781 993964
36043 1023933
37507 982158
37289 1026964
38840 1291562
38175 1241021
36110 1027814
35089 960480
38493 1035357
37250 1266953
37382 991132
39662 998803
42884 1013938
34392 1224974
34713 1048578
36965 1211356
34943 980128
37944 999685
37542 1012810
40588 1202612
36969 1058963
36716 1040030
37012 1273161
35849 998725
39633 1264305
37244 1003299
35291 1007742
35841 983437
39037 1021344
39191 1022088
38590 1020173
38255 1215533
36933 1021920
40439 1076958
37036 1309184
34381 982343
40025 994611
38217 1263332
32661 1007885
39279 1278298
36410 984753
37846 1303403
45083 982183
36821 1000196
33753 977170
33462 1000762
35954 1224697
34722 1035946
38769 1288549
42009 982053
37886 999105
38330 1256581
36348 996489
36559 1009382
40989 1007647
40832 1282025
35682 1259991
38856 997917
35952 959688
36979 1021780
37307 1223163
37095 1012404
34845 995365
38477 1002072
37887 1279552
36265 1178436
35477 1041447
35999 1004534
37962 1021230
42466 1270701
34654 1002466
33751 927063
39065 1006892
34481 1267603
35399 1263226
38765 1047168
38644 1007165
34170 969012
38928 1014276
36703 1238893
38685 1024285
38640 1275254
36099 973753
37543 1211188
35981 968784
35215 1005278
36421 973983
38902 1302529
34449 957368
46476 1289082
37386 944452
44255 1285138
39812 1326804
36259 924045
35306 964571
35738 962031
41593 1238477
42129 1463021
36845 1016480
39735 987273
34253 946777
41932 1236306
44517 996215
33784 966096
37477 1128562
35338 1024239
38428 1567473
43941 977387
35449 1001236
38585 988664
32631 923003
36972 1250094
36639 1097217
34658 993996
38107 1116940
36004 1207301
39739 1234120
33808 963475
33990 976336
35036 968404
37739 1108942
34168 1216706
37944 1094608
35605 994252
36672 1239583
35568 1259061
37901 977953
36013 989660
33841 1065731
40075 972063
37046 1356717
33423 970884
37556 944185
34176 989984
40908 1295992
35016 1189710
34664 969680
42356 1121429
35783 1031144
35762 1051761
36194 1251857
33770 912131
38796 996826
37829 1230023
36110 971815
40367 1279805
39722 1012678
38939 1048106
36501 1017980
36512 1256580
36017 1005022
36786 1003643
39520 1284869
35406 1003633
39045 1280088
34649 996739
36237 1006268
39207 999618
36822 1254636
35473 963920
42888 1035385
38103 1268456
41841 1036744
35665 1200800
34843 1010469
35846 1028571
36276 1013674
35096 982838
39833 1288650
38048 1022797
38542 1244920
33996 966042
36856 1286330
33523 968166
38372 1014703
35292 1004543
35518 1010536
35506 1258089
36092 1007461
40507 1274377
39838 1006465
38740 1257788
35567 984877
37059 978008
36968 1022184
36027 989928
37578 1258073
34880 986865
39399 1314324
29889 971058
37205 1026035
39021 1205965
46678 1062631
38608 999564
37396 1006540
37186 1003573
35098 1255328
34318 1226957
35813 1044853
37841 1041428
37751 1269654
39584 1046694
36705 1008428
34988 995128
36815 1022203
41503 1189417
37058 1373996
35662 1020296
37839 988280
35208 969260
40472 1292875
35784 994545
33477 993137
34021 988523
35447 996464
39234 1251090
38923 1287762
36623 986087
38236 1007281
36067 1065576
36337 1265496
35245 983561
46346 1033623
37218 1001963
32924 961287
39665 1549312
36058 1016275
36784 957160
37298 1015009
36411 1019898
39696 1349176
38197 1038446
34400 1046460
34392 1034083
37157 981083
42343 1413204
37331 1076261
38931 949018
34269 995571
35380 994564
37807 1243799
38169 1043270
36900 1003828
36361 994964
37109 1018767
41477 1528372
37531 1021609
37964 998523
38477 1031712
37402 971373
36472 1267742
35161 974392
36998 1041165
38032 996631
39350 1283547
38974 1242007
37044 1024357
36394 999335
35942 998584
36669 1029853
36310 1261466
37565 1033672
38754 967353
40762 983633
40751 1309718
32514 1207179
35639 1048145
37653 991183
37193 1004701
38566 1002148
40525 1276830
37639 988176
37297 1009414
37524 1306513
33921 971321
37942 1246066
39497 1089110
34400 957967
33584 976690
38019 1043441
38271 1245309
38274 1045439
46193 977349
39641 1246227
36778 1046359
37387 1263282
34786 1017283
37353 1020173
34796 979623
36093 999112
38851 1041632
38973 1360695
40141 1263006
34048 1017229
36578 995650
35310 979296
36109 1256151
37400 1006244
36089 974539
35679 1042607
32775 947263
37310 1161597
36963 1595687
35988 991524
39859 1016232
34206 980456
36729 1138202
36785 1073008
34130 979664
35422 1017211
34463 1004367
39946 1429860
41018 1214973
36439 1059205
32942 989602
34799 983772
36525 1246316
34295 1018118
36156 971164
36064 987844
37656 1006511
37221 1499956
34677 1038604
35161 999091
38143 1057524
39841 1116813
38231 989998
38677 1323249
33466 974271
32868 997413
32802 959438
34747 1282915
38408 1109809
34826 1123786
34425 964837
36792 1017515
35412 1027894
32841 961224
38442 1354716
36635 1039466
38067 1251984
33439 1049652
43670 1105542
33683 1118716
32664 973282
32991 1007252
34973 974600
35416 1111967
36356 1124892
35706 1016284
45821 1197675
40504 1051204
33198 1011134
37422 1250172
36031 1020911
33671 972695
37070 1036756
38191 1037872
35734 1300171
38982 1232117
36095 975557
36240 1008753
44058 1122976
37427 1147699
39269 1244391
34262 998149
35422 1065872
30599 1006369
35610 1205084
37100 1214401
37811 1086245
37781 1044114
40712 1296934
30402 936271
32700 971857
34715 1001944
36685 1080620
36384 1141313
32959 1050620
36474 1245443
37268 1045732
34794 968905
34740 1375267
31863 926983
34179 980000
33367 983756
36740 1318846
36532 997691
35969 1323650
37167 997515
32517 922036
37366 1289049
40085 1111376
34914 949365
33106 1070019
35756 975114
36818 982974
36644 1278333
37791 1346721
33635 912764
35001 1110837
34289 1227583
44274 946091
35192 1003017
34685 1057851
33745 968763
34644 994369
35398 1338259
33895 1228708
33068 961675
32920 968882
36889 1102817
35054 1304695
38009 1052771
33618 992853
31737 987687
34732 960062
35946 1066917
38598 1534188
36985 1088235
34778 946692
33473 1025001
33770 928594
39967 1344124
33888 969148
34328 1052352
36079 996489
33925 935336
37899 1533811
33524 1057334
35856 998132
34519 1075044
36076 961987
36841 1005725
36792 1236233
36311 1087656
32327 929041
37716 1117071
39805 1498900
32989 945401
38041 1004682
35413 988798
40647 1014682
42555 1277755
36821 995506
36657 1053126
38931 1053047
37182 1256954
36019 1285884
33233 983518
38051 987416
32362 1003990
32151 975390
40190 1283900
35676 1007726
35929 994268
36948 1008397
38032 1259043
34260 1265025
34676 1027625
38484 1003912
36146 1004155
44336 1019242
34224 1003345
39292 1236446
36877 1047953
40685 1233293
36267 1025632
34923 1011497
34546 1334529
28726 962911
30823 1046715
31149 971400
36077 1223454
35047 997820
33483 1002926
37484 1291172
35415 966737
37044 1147771
32985 1141071
35339 998666
33079 1031782
32136 977969
39354 1245318
35720 1011418
36735 1129182
36337 1077499
34621 1056714
36403 1074378
37289 1276526
34015 938734
35431 1004378
36852 973750
38800 1189532
41509 1320486
35819 1148601
35802 1161692
33792 941546
37274 1150414
35371 1109073
35762 1008602
32844 942100
35724 1015310
36018 1287331
41435 1244492
37328 1017679
33617 1003150
32877 990624
35861 1185196
36917 1214978
34269 978901
30960 955195
34346 999865
40173 1546457
32687 974782
39931 982649
37399 1004443
33487 1053181
34337 1146320
34474 1177983
35493 1070378
34345 984707
47385 1252172
35670 952247
32085 1034305
37390 1196209
34617 986870
33874 1029825
31981 1015052
31480 940382
39942 1359848
39241 1320120
31079 1042725
29007 962466
34821 1257278
32402 1000354
33940 985172
36100 961918
34168 994944
34235 1251793
38527 990630
41979 1261429
31241 957996
33088 1173047
34660 1100618
35035 1007372
39926 1026786
35086 988205
35618 1057501
38892 1305894
36298 1299271
33952 981016
35152 973392
38533 1202816
33253 1016933
38073 943684
34609 1080440
36543 1042456
39115 1042581
38390 1541461
36025 980551
34823 1070012
32900 1039232
35831 1144445
37510 1132585
33318 982871
33994 982239
34181 1016621
34677 960042
39567 1524914
36208 1018836
37277 1107001
35575 1073139
33344 981756
33980 1263900
33689 977633
38210 994973
31471 970279
35540 1246549
38761 1270275
33098 989387
32384 994098
43158 980341
34102 976055
39627 1387360
37621 1088392
32352 988016
33741 999184
36455 1258860
36361 1254759
35213 969960
32057 969940
32224 942953
36451 1058894
35613 1234573
34368 978051
33483 972643
36863 1281037
37562 1157146
32948 984847
37919 1249773
39264 1100730
34591 958243
37377 996871
33476 985224
34478 1233167
40839 1280493
35190 999062
33199 1003051
33389 989766
35034 1232988
40108 1107794
37802 1065501
35670 1025232
33331 980176
38755 1299080
34956 1222571
34486 1015259
33071 955210
33214 943280
33812 998414
37658 1100065
46806 1334843
36116 1046412
32333 989997
32997 963239
38740 1247076
38354 1259276
33029 967279
37048 982184
38615 1057602
37941 1292032
37622 1168504
35425 982622
32742 964249
35346 997025
33073 1268115
33329 968232
35796 1216484
34183 979775
34901 998405
35125 1287283
41869 1076417
31615 1037526
33823 997018
34697 999147
36402 1209807
33971 975981
34603 986528
35635 1230534
35421 1024252
38188 1231700
35757 1048078
37787 1033294
41747 1038523
35411 1040023
35577 1218738
31862 988019
39372 1106825
33994 1003712
36826 1333319
35534 1278789
35099 962376
35311 962756
35967 948831
33750 983745
39017 1221135
34975 1029567
35828 986996
34931 1042605
37765 1166420
36969 1411063
39838 1074609
37409 949446
34493 942721
42790 1299404
34566 1015673
34790 1023029
34034 1141600
34779 998786
36225 1229883
33351 985612
34935 1247043
36970 993884
30890 987698
33740 1269971
32559 995746
34291 1009302
35680 1043723
36034 1042546
37336 1305708
35630 1010198
34385 987415
41641 1305361
33302 928489
37773 1277704
39114 1041281
33604 1010868
37463 1091803
37260 1012684
33481 1189478
25055 1071981
44132 948992
37380 1117318
36678 1239886
37367 1302740
31881 1067342
29554 976261
31765 992987
38631 967597
36095 1214357
35210 1011931
33415 1036379
33639 990613
35512 1146991
39390 1030686
38659 1389612
37212 1097653
31992 982221
32527 971091
30906 952455
35882 1276324
34068 1069895
37915 1101156
33791 1020820
34406 1023738
33507 1228021
31966 1260583
30386 964284
36071 1000248
33042 974779
36541 1353524
37654 1169342
33071 1069101
32634 972537
39404 987647
37737 927334
35449 1046772
38110 1469525
32322 928344
35618 1166166
40223 1068973
41158 1035195
36804 1289615
33789 985076
48235 991579
38036 978332
36310 1030106
36718 1323187
32265 1298925
34020 1046865
31835 1016212
36114 995961
32635 1057759
32278 1140340
35112 957892
34019 998411
34734 1016591
36848 1300989
34245 999511
38206 1100458
37014 1286593
40274 1011862
30173 1179551
33517 1048352
31936 935004
34883 1087346
34797 1275229
33484 1063684
33977 1007848
33505 1003460
34860 1224383
33617 1166385
31815 1061673
34737 969667
34119 1061012
36219 1099903
36945 1325472
32456 926459
32359 969840
31659 942493
41672 1044612
47407 1471590
37404 1030506
31402 1040012
32225 1004274
34840 1123028
34743 1245304
33021 1045131
33751 991011
32477 973529
30582 938755
42072 1278164
46393 1291101
56030 1087916
39040 1066386
31863 975885
34030 1319482
33119 989120
34413 980556
35920 944369
31133 970028
30500 1297675
32848 1101577
38000 1435060
29281 936462
33941 973734
35176 1257067
34444 1014081
31586 1001988
34920 957434
32893 974105
35462 1051715
30799 954484
36118 1216492
38461 1443034
34743 987474
36705 1235122
30441 935995
36985 1047398
39859 964095
39161 1315947
44270 1126892
35222 1008186
29472 953817
34135 1023231
33250 1444854
33397 980221
35505 1020980
34493 983970
29608 1007887
33210 1313656
33520 1044915
32663 1018936
31440 984996
32989 1020062
40326 1489759
36607 960106
34131 1037174
35903 1001139
34806 1213553
34126 1112176
38538 1024385
32695 1018233
36216 984812
37578 1209310
37863 1072129
36746 1256899
33984 1115170
34062 1044103
33382 1186007
36163 1103105
36828 973491
29894 975364
30671 949240
32007 1218792
44843 1038294
37586 1057553
41800 1308798
34676 1104663
35084 1227768
33370 984216
32599 955219
38213 1015054
35224 989034
35784 1312386
32621 976361
39835 1017411
38205 1049370
36091 1567956
33564 964299
33002 992447
31430 961192
33991 984710
35834 1295700
34639 1022988
32274 1026282
35312 995289
34940 1019913
38522 1544465
33192 992533
35353 973721
44964 966668
39473 1252845
36098 1002713
37119 1041401
37212 1001045
33200 1049974
36011 1232973
38468 1045889
36482 1209048
32152 952893
42260 1022280
36478 1164673
36773 1158356
33064 1049846
32902 1052511
35166 1205578
29610 965365
34574 1015572
42713 1250815
34796 1097104
34586 1256924
34023 1042833
37419 1053096
34898 979067
36054 959750
39753 1279173
35521 971297
34478 965145
37674 1246989
35875 992588
35634 1297797
37088 1022672
33758 1001340
33536 971640
35911 1226769
34665 963640
34696 976955
35000 1012137
37435 1479416
36940 1037545
37292 994391
30660 1028322
34729 995274
38522 1182163
38472 1264118
34254 948059
35671 970441
37692 1066024
39414 1324638
39256 1345040
33549 951745
32235 932956
35928 1259231
32855 983646
34894 969371
38472 962885
35736 1048538
35981 1244821
38173 1276909
35649 1022330
44568 1002091
35438 1233051
36053 1004718
32855 973440
35990 1019509
34852 976665
37270 1259195
35997 1021740
41313 1317276
36005 1007960
34130 1009290
34625 1214735
33666 1054866
35550 1142770
36728 1035753
35561 988501
38293 1217213
34550 1029093
33918 1041059
40015 1258229
34306 993018
37513 1287684
38276 1034987
35233 1021128
34240 974700
39398 965194
41146 1284290
37929 996161
36883 1026563
37850 1246880
43065 1054461
36846 1145372
37215 1190744
35426 995319
37468 980017
35413 952369
39465 1319588
35008 994541
34403 1004301
37315 1294029
34655 1052632
36189 1181575
38915 1100031
35470 967050
36001 993259
36534 1263014
35527 1021683
37439 1085439
39839 1054262
40826 1020029
37629 1511664
37135 978652
34780 972259
34871 971970
40868 1021922
39941 1347231
35203 1060943
34878 1009215
33021 989158
35279 976223
48803 1507898
34166 976650
33297 946885
35490 1034399
36151 1025671
39315 1368159
34953 1027392
35330 1012807
34711 980761
34845 1005315
37672 1312846
35643 1153318
33997 1001653
34822 979686
36048 1017280
41038 1265519
33569 1013345
35572 1018442
36000 1047670
33643 1028869
35956 1290259
38122 1226217
32087 990974
34183 1016138
36898 1070551
34106 1280425
35019 1022658
37420 984956
35356 961812
34082 986524
38681 1267800
39378 1058386
38717 1287566
34932 1012865
36329 1039005
36238 1050470
31811 1200379
34478 959725
34925 960114
37990 1296268
35825 1020478
37634 1072095
35159 1238174
33124 1026501
31510 1245465
35471 967299
35926 989371
36049 964329
36481 997040
35831 1072421
36381 1291351
35351 1078457
38831 1229524
33655 954297
35778 1216663
29448 989978
35070 977091
37923 993029
34911 1253963
38828 1191394
44721 1031888
32804 994031
34962 1211849
34200 1248163
33698 973054
33313 955945
36786 1001241
33774 981447
36544 1215191
38282 1132031
32216 1006224
33862 1034232
32970 981857
37237 1478272
34180 982724
36077 1011782
36080 1040912
34725 1259249
39137 1183056
33304 948565
34386 985736
36076 992106
37985 1271471
33162 1196546
36553 1008884
32710 948542
35291 1008309
35938 1053336
38077 1257406
28937 968388
37813 1023482
37859 1001412
36053 1274941
40870 1279554
36142 997092
37824 953919
42310 1067237
37077 1248158
36429 1020297
34928 982898
37010 1011751
37854 1207301
39028 1049143
39849 1264657
33446 997220
37176 1283246
35610 1002452
36358 1002647
34857 955920
34935 1040310
36186 1085045
40479 1191416
38368 1033463
35560 1214086
37788 1281808
35163 995286
36742 1011306
36394 1008218
42403 994659
40928 1295843
44719 992762
34026 1012948
37155 1245397
37743 1015031
39048 1246209
37192 1039685
34150 992608
33756 999666
43413 1294252
31384 982534
31251 1047788
36612 982900
41168 1283064
38169 1123353
35683 1143602
37877 1015574
35111 1028890
32136 953769
40829 1179625
37726 1128326
35332 992813
41827 1029086
40460 1497414
35111 1009766
36505 996468
36409 956523
33132 961130
39947 1309172
37859 1038859
33964 971377
34040 1025017
40281 1289458
38960 1234861
37677 995029
37093 1013866
33301 980802
39932 1280650
35620 996488
36016 1006210
35674 991728
37195 1162848
37908 1375065
33634 987029
34560 1005080
36570 991488
40940 1220031
38244 1050055
38095 1008958
38288 996079
38474 1145405
38078 1385550
34176 980136
36106 1028230
40568 998106
40466 1246437
36884 1048469
38835 1008427
36229 944292
35349 1034536
36069 1254085
48679 1322399
33042 1011765
36805 993414
36594 1256595
33325 988216
35720 1021756
31186 1026553
33737 971846
38290 1287173
38460 1010134
39899 1277754
33340 982023
36443 1040998
33917 1215046
34498 1029931
42126 1050718
36798 977629
40893 1026039
36489 1259103
36718 1054412
39496 1259075
37109 971781
35606 1024936
41323 1292788
34060 974833
36123 1033282
34047 988607
38225 1217462
38743 1093562
34801 1009870
38018 1234896
33071 999488
34694 1165613
37590 1105394
39217 1035764
38091 983140
40007 1242413
37056 996397
33981 980182
36269 1011467
37334 1288734
36803 1263980
36803 992455
37999 988100
35684 967232
37514 1297147
36459 1028061
32570 943720
35853 1015168
34245 1055288
38903 1452800
37760 1032145
33791 987736
34099 995097
36919 1267374
32866 991976
35104 1027710
37833 1025143
36538 1052629
42321 1500571
45884 980020
36647 1023262
33978 1003138
36407 1244452
40878 1032496
36971 1008790
35049 970563
34382 1023968
36876 1217722
39926 1297036
31084 1018273
36125 949309
34785 1010486
38981 1272882
34582 977742
34775 1004401
36865 995746
39280 1336259
40037 1001484
40025 1248524
35539 1003352
35032 970192
38391 1044246
36881 1227561
37093 982244
37458 1040627
35152 1248879
36849 1005945
36826 1039057
39216 1268154
38927 992052
37731 1255020
39371 1004683
37358 995941
34193 984317
36525 1046793
37963 1281238
36502 1023571
36353 1255747
37977 1016912
37264 1081313
34979 1187085
34721 996293
36618 1008152
36303 1000743
37838 1163255
35951 1090018
38018 1022762
37948 1256714
35188 995673
37906 1255158
34723 972445
34193 982514
36082 1004634
36417 1102073
35360 1152671
34085 1019358
35839 1082761
39782 1236884
33979 1137569
43950 1117612
35796 962821
34671 1004222
35380 1249745
39943 1029258
37395 996299
38174 1045535
40919 1240622
36034 1271026
36722 1018240
37598 1001849
37220 996022
35850 1233263
34774 1019856
34574 1005705
35657 978639
36731 1023818
42929 1532822
34046 974857
36792 1037190
36068 992032
39955 983889
41278 1309240
35830 1027272
39390 1029792
36454 997428
38968 1460306
36186 1038815
41474 996426
35826 996496
42508 1037401
38690 1282085
34805 983040
35442 1003303
37531 992037
35199 1016879
41361 1572189
34378 991741
34572 1026654
38314 986878
37320 1270071
34982 995393
39184 991372
34826 973055
38739 1156785
43305 1361114
32103 1218424
30768 1088420
37442 1134053
32797 918998
37618 1235314
34933 935465
37011 1065085
35268 1067710
36767 994369
34198 1210109
34101 1231571
38752 1095997
39617 1045223
37677 974291
44528 1224366
33408 955290
34362 1076236
35326 967822
38577 1266899
36943 1060863
37574 1225990
35411 1027606
32354 935246
35437 1058952
34746 1231648
37785 1040209
35710 946040
34939 970963
39534 1333452
37379 946354
36987 1322131
34790 947361
39221 1308046
32734 1006096
31035 929062
36953 1080417
34834 1207919
40025 1123589
33753 936880
41087 1268822
40391 1033626
38532 1245845
34763 1125584
32822 947354
41051 969665
37461 1047308
34854 968764
37580 1076521
32533 967213
35305 1252587
38089 1332431
37009 1229705
36049 1100313
35929 925609
32486 959305
36402 1075482
34698 1236176
34572 1041380
27752 1009294
32309 954689
36057 1193431
39922 1388133
36044 921723
38024 1097279
37253 932110
41021 1265086
39080 1203715
37434 1016526
36008 1002426
36093 1067627
35093 1207351
36810 1000782
38128 1158426
37371 1023938
47715 982500
36434 965555
36750 1278334
35908 1033123
34109 1022192
37325 1260756
36305 976751
38194 1154935
32634 1133731
33820 991421
35398 1004719
38224 1102337
39453 1137779
42816 1063343
42523 1243158
34666 998319
35345 1179459
34987 1081446
35073 950915
34417 1030329
35373 1268623
38468 1143095
37601 1002500
36691 1236715
35751 1015139
31783 990179
31085 980086
41119 1404270
37634 1022924
33730 979007
36683 977253
34541 983699
42629 1327926
39177 1013347
37038 1380709
33976 1016466
32620 985043
36082 994729
36023 997875
31779 975272
38213 1378456
37811 1251140
36904 1028388
29228 994209
32615 997202
36207 997202
38153 1420067
34775 989789
32612 985753
32645 1034244
33763 974291
40105 1264889
34853 990208
37121 1276386
35549 1004296
33685 1002366
34235 981802
36868 1066152
45291 1208466
36515 1015765
40504 1247663
32327 987640
37918 1176419
35954 1110075
33733 976622
35649 1024609
34055 1044546
35154 1205084
34415 1010819
37038 1255374
36496 986429
36685 1267103
33773 992725
33431 988589
34721 1011525
36384 1254808
33699 977951
37426 1027823
38187 1258689
36828 986301
33850 1254350
36735 992260
35059 991837
33068 997800
36318 1337540
36069 1019467
37403 995249
36700 1280769
33540 974479
33224 1022855
38354 1261626
35289 1102785
34701 981690
37156 984087
36529 1002215
35810 1213788
36122 1014943
38369 1044441
35090 1399940
34012 996643
33692 953501
33713 1013457
35692 1027957
36029 1240733
34602 995690
35368 1437414
32550 969832
33156 1010475
40041 1003250
39850 995903
37477 1037516
35812 1433801
39511 1267756
31972 984267
33592 1001963
35698 990238
34381 978688
35567 1015138
36322 1419517
34225 996353
41786 982441
38260 1279162
34078 982613
36121 976422
35418 1311019
30762 977076
33290 984274
36797 1024181
37341 963916
34960 1024571
36539 1510254
32442 992626
37374 1000750
31842 973629
36039 1335911
33731 1094607
33188 992849
34919 982612
37350 1014121
37290 1212643
37010 1195727
34562 1218835
36686 1014745
31878 970898
36546 1011355
37624 1002998
32192 970319
37988 1223304
40181 1496742
35751 945046
33126 949826
32043 993943
34532 1011285
38076 982848
39275 1371345
33865 1029548
36729 1238515
33514 1000373
32517 1014231
35534 997227
38407 1201603
37984 1183767
35038 996431
32926 982487
33233 1005683
36814 1262597
30545 1118908
33751 1260249
37960 1007438
33491 969308
32337 981723
35282 1030759
38008 1292373
37360 1375148
38175 963559
37097 1020758
34915 982063
36147 992736
39225 1040633
37224 1359462
45927 1077373
32786 1028850
40663 1379810
35900 998060
30476 964457
29827 949935
37405 1486809
35313 1105932
34425 964081
34588 970579
33232 940489
35766 1291747
31090 962549
37064 1359316
33535 1028820
34525 1123753
33327 964208
30402 946461
34877 965409
36454 967548
38508 1473152
38249 1171186
36835 1058708
34423 1106173
34158 997154
35136 1012551
35038 938260
36516 971445
41824 1384589
37906 1261405
40347 1062679
34679 1110775
35722 927985
38189 950039
35688 997220
36214 1274401
32620 931003
34128 961401
35892 1272444
39001 1013711
37612 1274282
37169 1011944
35031 997542
34681 1021055
37252 1337789
37003 1112164
38272 994821
33777 1236881
