1656 13879
0 0
0 0
0 0
0 0
0 0
0 0
0 0
0 0
0 0
1616 13619
0 0
0 0
0 0
0 0
0 0
0 0
0 0
0 0
0 0
1720 13745
0 0
0 0
0 0
0 0
0 0
0 0
0 0
0 0
0 0
60 0
1608 13733
0 0
0 0
0 0
0 0
0 0
0 0
0 0
0 0
0 0
1668 13791
0 0
0 0
0 0
0 0
0 0
0 0
0 0
0 0
0 0
1136 4563
532 8845
0 0
0 0
0 0
0 0
0 0
0 0
0 0
0 0
0 0
1616 13470
0 0
0 0
0 0
0 0
0 0
0 0
0 0
0 0
0 0
1668 13428
0 0
0 0
0 0
0 0
0 0
0 0
0 0
0 0
0 0
1136 4563
584 9212
0 0
0 0
0 0
0 0
0 0
0 0
0 0
0 0
0 0
1668 13604
0 0
0 0
0 0
0 0
0 0
0 0
0 0
0 0
0 0
1668 13703
0 0
0 0
0 0
0 0
0 0
0 0
0 0
0 0
0 0
1136 4561
532 9119
0 0
0 0
0 0
0 0
0 0
0 0
0 0
0 0
0 0
1552 13520
0 0
0 0
0 0
0 0
0 0
0 0
0 0
0 0
0 0
1668 13911
0 0
0 0
0 0
0 0
0 0
0 0
0 0
0 0
0 0
1188 4615
480 8947
0 0
0 0
0 0
0 0
0 0
0 0
0 0
0 0
0 0
1668 13491
0 0
0 0
0 0
0 0
0 0
0 0
0 0
0 0
0 0
1616 13927
0 0
0 0
0 0
0 0
0 0
0 0
0 0
0 0
0 0
1136 4563
480 8878
0 0
0 0
0 0
0 0
0 0
0 0
0 0
0 0
0 0
1616 13729
0 0
0 0
0 0
0 0
0 0
0 0
0 0
0 0
0 0
1552 13522
0 0
0 0
0 0
0 0
0 0
0 0
0 0
0 0
0 0
1136 4563
532 8913
0 0
0 0
0 0
0 0
0 0
0 0
0 0
0 0
0 0
1552 13505
0 0
0 0
0 0
0 0
0 0
0 0
0 0
0 0
0 0
1668 13949
0 0
0 0
0 0
0 0
0 0
0 0
0 0
0 0
0 0
1136 4562
532 9069
0 0
0 0
0 0
0 0
0 0
0 0
0 0
0 0
0 0
1676 13705
251 60
382 304
0 52
0 0
0 0
0 0
0 0
0 0
0 0
1668 13980
0 0
0 0
0 0
0 0
0 0
0 0
0 0
0 0
0 0
1136 4563
532 8984
0 0
0 0
0 0
0 0
0 0
0 0
0 0
0 0
0 0
1616 13777
0 0
0 0
0 0
0 0
0 0
0 0
0 0
0 0
0 0
1616 13571
0 0
0 0
0 0
0 0
0 0
0 0
0 0
0 0
0 0
1136 4563
480 8830
0 0
0 0
0 0
0 0
0 0
0 0
0 0
0 0
0 0
1616 13784
0 0
0 0
0 0
0 0
0 0
0 0
0 0
0 0
0 0
1668 13695
0 0
0 0
0 0
0 0
0 0
0 0
0 0
0 0
0 0
1136 4563
480 9008
0 0
0 0
0 0
0 0
0 0
0 0
0 0
0 0
0 0
1720 13891
0 0
0 0
0 0
0 0
0 0
0 0
0 0
0 0
0 0
1668 13360
0 0
0 0
0 0
0 0
0 0
0 0
0 0
0 0
0 0
681 60
1039 13759
0 0
0 0
0 0
0 0
0 0
0 0
0 0
0 0
0 0
1668 13770
0 0
0 0
0 0
0 0
0 0
0 0
0 0
0 0
0 0
1500 13549
0 0
0 0
0 0
0 0
0 0
0 0
0 0
0 0
0 0
1500 13242
0 0
0 0
0 0
0 0
0 0
0 0
0 0
0 0
0 0
60 0
1712 13752
0 0
0 0
0 0
0 0
0 0
0 0
0 0
0 0
0 0
1668 13462
0 0
0 0
0 0
0 0
0 0
0 0
0 0
0 0
0 0
1668 13650
0 0
0 0
0 0
0 0
0 0
0 0
0 0
0 0
0 0
1136 4511
532 9246
0 0
0 0
0 0
0 0
0 0
0 0
0 0
0 0
0 0
1552 13496
0 0
0 0
0 0
0 0
0 0
0 0
0 0
0 0
0 0
1616 13502
0 0
0 0
0 0
0 0
0 0
0 0
0 0
0 0
0 0
1136 4564
364 9021
0 0
0 0
0 0
0 0
0 0
0 0
0 0
0 0
0 0
1552 13640
0 0
0 0
0 0
0 0
0 0
0 0
0 0
0 0
0 0
1604 13779
0 0
0 0
0 0
0 0
0 0
0 0
0 0
0 0
0 0
1500 13404
0 0
0 0
0 0
0 0
0 0
0 0
0 0
0 0
0 0
1604 13727
0 0
0 0
0 0
0 0
0 0
0 0
0 0
0 0
0 0
1656 13872
0 0
0 0
0 0
0 0
0 0
0 0
0 0
0 0
0 0
681 112
819 13405
0 0
0 0
0 0
0 0
0 0
0 0
0 0
0 0
0 0
1552 13660
0 0
0 0
0 0
0 0
0 0
0 0
0 0
0 0
0 0
1552 13502
0 0
355 416
0 0
0 0
0 0
0 0
0 0
0 0
0 0
1552 13448
0 0
0 0
0 0
0 0
0 0
0 0
0 0
0 0
0 0
1604 13634
0 0
0 0
0 0
0 0
0 0
0 0
0 0
0 0
0 0
1136 4562
416 8977
0 0
0 0
0 0
0 0
0 0
0 0
0 0
0 0
0 0
1552 13506
0 0
0 0
0 0
0 0
0 0
0 0
0 0
0 0
0 0
1500 13542
0 0
0 0
0 0
0 0
0 0
0 0
0 0
0 0
0 0
1552 13412
0 0
0 0
0 0
0 0
0 0
0 0
0 0
0 0
0 0
1552 13625
0 0
0 0
0 0
0 0
0 0
0 0
0 0
0 0
0 0
1552 13327
0 0
0 0
0 0
0 0
0 0
0 0
0 0
0 0
0 0
1136 4563
416 8895
0 0
0 0
0 0
0 0
0 0
0 0
0 0
0 0
0 0
1500 13289
0 0
0 0
0 0
0 0
0 0
0 0
0 0
0 0
0 0
1500 13574
0 0
0 0
0 0
0 0
0 0
0 0
0 0
0 0
0 0
1552 13481
0 0
0 0
0 0
0 0
0 0
0 0
0 0
0 0
0 0
1552 13564
0 0
0 0
0 0
0 0
0 0
0 0
0 0
0 0
0 0
1552 13436
0 0
0 0
0 0
0 0
0 0
0 0
0 0
0 0
0 0
112 60
1492 13431
0 0
0 0
0 0
0 0
0 0
0 0
0 0
0 0
0 0
1500 13428
0 0
0 0
0 0
0 0
0 0
0 0
0 0
0 0
0 0
1552 13724
0 0
0 0
0 0
0 0
0 0
0 0
0 0
0 0
0 0
1552 13495
0 0
0 0
0 0
0 0
0 0
0 0
0 0
0 0
0 0
1552 13739
0 0
0 0
0 0
0 0
0 0
0 0
0 0
0 0
0 0
681 112
819 13083
0 0
0 0
0 0
0 0
0 0
0 0
0 0
0 0
0 0
1552 13542
0 0
0 0
0 0
0 0
0 0
0 0
0 0
0 0
0 0
1616 13861
0 0
0 0
0 0
0 0
0 0
0 0
0 0
0 0
0 0
1136 4563
532 9250
0 0
0 0
0 0
0 0
0 0
0 0
0 0
0 0
0 0
1500 13435
0 0
0 0
0 0
0 0
0 0
0 0
0 0
0 0
0 0
1552 13528
0 0
0 0
0 0
0 0
0 0
0 0
0 0
0 0
0 0
1136 4564
364 8790
0 0
0 0
0 0
0 0
0 0
0 0
0 0
0 0
0 0
1552 13754
0 0
0 0
0 0
0 0
0 0
0 0
0 0
0 0
0 0
1500 13539
0 0
0 0
0 0
0 0
0 0
0 0
0 0
0 0
0 0
1668 13510
0 0
0 0
0 0
0 0
0 0
60 0
355 416
0 0
0 0
1136 4563
416 8830
0 0
0 0
0 0
0 0
0 0
0 0
0 0
0 0
0 0
1552 13321
0 0
0 0
0 0
0 0
0 0
0 0
0 0
0 0
0 0
1552 13568
0 0
0 0
0 0
0 0
0 0
0 0
0 0
0 0
0 0
1500 13210
0 0
0 0
0 0
0 0
0 0
0 0
0 0
0 0
0 0
1552 13670
0 0
0 0
0 0
0 0
0 0
0 0
0 0
0 0
0 0
1616 13619
0 0
0 0
0 0
0 0
0 0
0 0
0 0
0 0
0 0
1720 13745
0 0
0 0
0 0
0 0
0 0
0 0
0 0
0 0
0 0
60 0
1608 13733
0 0
0 0
0 0
0 0
0 0
0 0
0 0
0 0
0 0
1668 13791
0 0
0 0
0 0
0 0
0 0
0 0
0 0
0 0
0 0
1136 4563
532 8845
0 0
0 0
0 0
0 0
0 0
0 0
0 0
0 0
0 0
1616 13470
0 0
0 0
0 0
0 0
0 0
0 0
0 0
0 0
0 0
1668 13428
0 0
0 0
0 0
0 0
0 0
0 0
0 0
0 0
0 0
1136 4563
584 9212
0 0
0 0
0 0
0 0
0 0
0 0
0 0
0 0
0 0
1668 13604
0 0
0 0
0 0
0 0
0 0
0 0
0 0
0 0
0 0
1668 13703
0 0
0 0
0 0
0 0
0 0
0 0
0 0
0 0
0 0
1136 4561
532 9119
0 0
0 0
0 0
0 0
0 0
0 0
0 0
0 0
0 0
1552 13520
0 0
0 0
0 0
0 0
0 0
0 0
0 0
0 0
0 0
1668 13911
0 0
0 0
0 0
0 0
0 0
0 0
0 0
0 0
0 0
1188 4615
480 8947
0 0
0 0
0 0
0 0
0 0
0 0
0 0
0 0
0 0
1668 13491
0 0
0 0
0 0
0 0
0 0
0 0
0 0
0 0
0 0
1616 13927
0 0
0 0
0 0
0 0
0 0
0 0
0 0
0 0
0 0
1136 4563
480 8878
0 0
0 0
0 0
0 0
0 0
0 0
0 0
0 0
0 0
1616 13729
0 0
0 0
0 0
0 0
0 0
0 0
0 0
0 0
0 0
1552 13522
0 0
0 0
0 0
0 0
0 0
0 0
0 0
0 0
0 0
1136 4563
532 8913
0 0
0 0
0 0
0 0
0 0
0 0
0 0
0 0
0 0
1552 13505
0 0
0 0
0 0
0 0
0 0
0 0
0 0
0 0
0 0
1668 13949
0 0
0 0
0 0
0 0
0 0
0 0
0 0
0 0
0 0
1136 4562
532 9069
0 0
0 0
0 0
0 0
0 0
0 0
0 0
0 0
0 0
1676 13705
251 60
382 304
0 52
0 0
0 0
0 0
0 0
0 0
0 0
1668 13980
0 0
0 0
0 0
0 0
0 0
0 0
0 0
0 0
0 0
1136 4563
532 8984
0 0
0 0
0 0
0 0
0 0
0 0
0 0
0 0
0 0
1616 13777
0 0
0 0
0 0
0 0
0 0
0 0
0 0
0 0
0 0
1616 13571
0 0
0 0
0 0
0 0
0 0
0 0
0 0
0 0
0 0
1136 4563
480 8830
0 0
0 0
0 0
0 0
0 0
0 0
0 0
0 0
0 0
1616 13784
0 0
0 0
0 0
0 0
0 0
0 0
0 0
0 0
0 0
1668 13695
0 0
0 0
0 0
0 0
0 0
0 0
0 0
0 0
0 0
1136 4563
480 9008
0 0
0 0
0 0
0 0
0 0
0 0
0 0
0 0
0 0
1720 13891
0 0
0 0
0 0
0 0
0 0
0 0
0 0
0 0
0 0
1668 13360
0 0
0 0
0 0
0 0
0 0
0 0
0 0
0 0
0 0
681 60
1039 13759
0 0
0 0
0 0
0 0
0 0
0 0
0 0
0 0
0 0
1668 13770
0 0
0 0
0 0
0 0
0 0
0 0
0 0
0 0
0 0
1500 13540
0 0
0 0
0 0
0 0
0 0
0 0
0 0
0 0
0 0
1500 13247
0 0
0 0
0 0
0 0
0 0
0 0
0 0
0 0
0 0
60 0
1712 13852
0 0
0 0
0 0
0 0
0 0
0 0
0 0
0 0
0 0
1668 13262
0 0
0 0
0 0
0 0
0 0
0 0
0 0
0 0
0 0
1668 13650
0 0
0 0
0 0
0 0
0 0
0 0
0 0
0 0
0 0
1136 4511
532 9246
0 0
0 0
0 0
0 0
0 0
0 0
0 0
0 0
0 0
1552 13496
0 0
0 0
0 0
0 0
0 0
0 0
0 0
0 0
0 0
1616 13502
0 0
0 0
0 0
0 0
0 0
0 0
0 0
0 0
0 0
1136 4564
364 9021
0 0
0 0
0 0
0 0
0 0
0 0
0 0
0 0
0 0
1552 13640
0 0
0 0
0 0
0 0
0 0
0 0
0 0
0 0
0 0
1604 13779
0 0
0 0
0 0
0 0
0 0
0 0
0 0
0 0
0 0
1500 13404
0 0
0 0
0 0
0 0
0 0
0 0
0 0
0 0
0 0
1604 13727
0 0
0 0
0 0
0 0
0 0
0 0
0 0
0 0
0 0
1656 13872
0 0
0 0
0 0
0 0
0 0
0 0
0 0
0 0
0 0
681 112
819 13405
0 0
0 0
0 0
0 0
0 0
0 0
0 0
0 0
0 0
1552 13660
0 0
0 0
0 0
0 0
0 0
0 0
0 0
0 0
0 0
1552 13502
0 0
355 416
0 0
0 0
0 0
0 0
0 0
0 0
0 0
1552 13448
0 0
0 0
0 0
0 0
0 0
0 0
0 0
0 0
0 0
1604 13634
0 0
0 0
0 0
0 0
0 0
0 0
0 0
0 0
0 0
1136 4562
416 8977
0 0
0 0
0 0
0 0
0 0
0 0
0 0
0 0
0 0
1552 13506
0 0
0 0
0 0
0 0
0 0
0 0
0 0
0 0
0 0
1500 13542
0 0
0 0
0 0
0 0
0 0
0 0
0 0
0 0
0 0
1552 13412
0 0
0 0
0 0
0 0
0 0
0 0
0 0
0 0
0 0
1552 13625
0 0
0 0
0 0
0 0
0 0
0 0
0 0
0 0
0 0
1552 13327
0 0
0 0
0 0
0 0
0 0
0 0
0 0
0 0
0 0
1136 5063
416 8395
0 0
0 0
0 0
0 0
0 0
0 0
0 0
0 0
0 0
1500 14289
0 0
0 0
0 0
0 0
0 0
0 0
0 0
0 0
0 0
1500 13534
0 0
0 0
0 0
0 0
0 0
0 0
0 0
0 0
0 0
1552 13411
0 0
0 0
0 0
0 0
0 0
0 0
0 0
0 0
0 0
1552 13564
0 0
0 0
0 0
0 0
0 0
0 0
0 0
0 0
0 0
1552 13436
0 0
0 0
0 0
0 0
0 0
0 0
0 0
0 0
0 0
112 60
1492 13461
0 0
0 0
0 0
0 0
0 0
0 0
0 0
0 0
0 0
1500 13428
0 0
0 0
0 0
0 0
0 0
0 0
0 0
0 0
0 0
1552 13724
0 0
0 0
0 0
0 0
0 0
0 0
0 0
0 0
0 0
1552 13495
0 0
0 0
0 0
0 0
0 0
0 0
0 0
0 0
0 0
1552 14730
0 0
0 0
0 0
0 0
0 0
0 0
0 0
0 0
0 0
681 112
819 13383
0 0
0 0
0 0
0 0
0 0
0 0
0 0
0 0
0 0
1552 13582
0 0
0 0
0 0
0 0
0 0
0 0
0 0
0 0
0 0
1616 13861
0 0
0 0
0 0
0 0
0 0
0 0
0 0
0 0
0 0
1136 4563
532 9250
0 0
0 0
0 0
0 0
0 0
0 0
0 0
0 0
0 0
1500 13135
0 0
0 0
0 0
0 0
0 0
0 0
0 0
0 0
0 0
1552 13228
0 0
0 0
0 0
0 0
0 0
0 0
0 0
0 0
0 0
1136 4564
364 8790
0 0
0 0
0 0
0 0
0 0
0 0
0 0
0 0
0 0
1552 13754
0 0
0 0
0 0
0 0
0 0
0 0
0 0
0 0
0 0
1500 13332
0 0
0 0
0 0
0 0
0 0
0 0
0 0
0 0
0 0
1668 14556
0 0
0 0
0 0
0 0
0 0
60 0
355 416
0 0
0 0
1136 4462
416 8730
0 0
0 0
0 0
0 0
0 0
0 0
0 0
0 0
0 0
1552 13721
0 0
0 0
0 0
0 0
0 0
0 0
0 0
0 0
0 0
1552 13518
0 0
0 0
0 0
0 0
0 0
0 0
0 0
0 0
0 0
1500 13210
0 0
0 0
0 0
0 0
0 0
0 0
0 0
0 0
0 0
1136 4563
0 0
0 0
0 0
0 0
0 0
0 0
0 0
0 0
0 0
1616 13619
0 0
0 0
0 0
0 0
0 0
0 0
0 0
0 0
0 0
1720 13745
0 0
0 0
0 0
0 0
0 0
0 0
0 0
0 0
0 0
60 0
1608 13733
0 0
0 0
0 0
0 0
0 0
0 0
0 0
0 0
0 0
1668 13791
0 0
0 0
0 0
0 0
0 0
0 0
0 0
0 0
0 0
1136 4563
532 8845
0 0
0 0
0 0
0 0
0 0
0 0
0 0
0 0
0 0
1616 13470
0 0
0 0
0 0
0 0
0 0
0 0
0 0
0 0
0 0
1668 13428
0 0
0 0
0 0
0 0
0 0
0 0
0 0
0 0
0 0
1136 4563
584 9212
0 0
0 0
0 0
0 0
0 0
0 0
0 0
0 0
0 0
1668 13604
0 0
0 0
0 0
0 0
0 0
0 0
0 0
0 0
0 0
1668 13703
0 0
0 0
0 0
0 0
0 0
0 0
0 0
0 0
0 0
1136 4561
532 9119
0 0
0 0
0 0
0 0
0 0
0 0
0 0
0 0
0 0
1552 13520
0 0
0 0
0 0
0 0
0 0
0 0
0 0
0 0
0 0
1668 13911
0 0
0 0
0 0
0 0
0 0
0 0
0 0
0 0
0 0
1188 4615
480 8947
0 0
0 0
0 0
0 0
0 0
0 0
0 0
0 0
0 0
1668 13491
0 0
0 0
0 0
0 0
0 0
0 0
0 0
0 0
0 0
1616 13927
0 0
0 0
0 0
0 0
0 0
0 0
0 0
0 0
0 0
1136 4563
480 8878
0 0
0 0
0 0
0 0
0 0
0 0
0 0
0 0
0 0
1616 13729
0 0
0 0
0 0
0 0
0 0
0 0
0 0
0 0
0 0
1552 13522
0 0
0 0
0 0
0 0
0 0
0 0
0 0
0 0
0 0
1136 4563
532 8913
0 0
0 0
0 0
0 0
0 0
0 0
0 0
0 0
0 0
1552 13505
0 0
0 0
0 0
0 0
0 0
0 0
0 0
0 0
0 0
1668 13949
0 0
0 0
0 0
0 0
0 0
0 0
0 0
0 0
0 0
1136 4562
532 9069
0 0
0 0
0 0
0 0
0 0
0 0
0 0
0 0
0 0
1676 13705
251 60
382 304
0 52
0 0
0 0
0 0
0 0
0 0
0 0
1668 13980
0 0
0 0
0 0
0 0
0 0
0 0
0 0
0 0
0 0
1136 4563
532 8984
0 0
0 0
0 0
0 0
0 0
0 0
0 0
0 0
0 0
1616 13777
0 0
0 0
0 0
0 0
0 0
0 0
0 0
0 0
0 0
1616 13571
0 0
0 0
0 0
0 0
0 0
0 0
0 0
0 0
0 0
1136 4563
480 8830
0 0
0 0
0 0
0 0
0 0
0 0
0 0
0 0
0 0
1616 13784
0 0
0 0
0 0
0 0
0 0
0 0
0 0
0 0
0 0
1668 13695
0 0
0 0
0 0
0 0
0 0
0 0
0 0
0 0
0 0
1136 4563
480 9008
0 0
0 0
0 0
0 0
0 0
0 0
0 0
0 0
0 0
1720 13891
0 0
0 0
0 0
0 0
0 0
0 0
0 0
0 0
0 0
1668 13360
0 0
0 0
0 0
0 0
0 0
0 0
0 0
0 0
0 0
681 60
1039 13759
0 0
0 0
0 0
0 0
0 0
0 0
0 0
0 0
0 0
1668 13770
0 0
0 0
0 0
0 0
0 0
0 0
0 0
0 0
0 0
1500 13549
0 0
0 0
0 0
0 0
0 0
0 0
0 0
0 0
0 0
1500 13242
0 0
0 0
0 0
0 0
0 0
0 0
0 0
0 0
0 0
60 0
1712 13752
0 0
0 0
0 0
0 0
0 0
0 0
0 0
0 0
0 0
1668 13462
0 0
0 0
0 0
0 0
0 0
0 0
0 0
0 0
0 0
1668 13650
0 0
0 0
0 0
0 0
0 0
0 0
0 0
0 0
0 0
1136 4511
532 9246
0 0
0 0
0 0
0 0
0 0
0 0
0 0
0 0
0 0
1552 13496
0 0
0 0
0 0
0 0
0 0
0 0
0 0
0 0
0 0
1616 13502
0 0
0 0
0 0
0 0
0 0
0 0
0 0
0 0
0 0
1136 4564
364 9021
0 0
0 0
0 0
0 0
0 0
0 0
0 0
0 0
0 0
1552 13640
0 0
0 0
0 0
0 0
0 0
0 0
0 0
0 0
0 0
1604 13779
0 0
0 0
0 0
0 0
0 0
0 0
0 0
0 0
0 0
1500 13404
0 0
0 0
0 0
0 0
0 0
0 0
0 0
0 0
0 0
1604 13727
0 0
0 0
0 0
0 0
0 0
0 0
0 0
0 0
0 0
1656 13872
0 0
0 0
0 0
0 0
0 0
0 0
0 0
0 0
0 0
681 112
819 13405
0 0
0 0
0 0
0 0
0 0
0 0
0 0
0 0
0 0
1552 13660
0 0
0 0
0 0
0 0
0 0
0 0
0 0
0 0
0 0
1552 13502
0 0
355 416
0 0
0 0
0 0
0 0
0 0
0 0
0 0
1552 13448
0 0
0 0
0 0
0 0
0 0
0 0
0 0
0 0
0 0
1604 13634
0 0
0 0
0 0
0 0
0 0
0 0
0 0
0 0
0 0
1136 4562
416 8977
0 0
0 0
0 0
0 0
0 0
0 0
0 0
0 0
0 0
1552 13506
0 0
0 0
0 0
0 0
0 0
0 0
0 0
0 0
0 0
1500 13542
0 0
0 0
0 0
0 0
0 0
0 0
0 0
0 0
0 0
1552 13412
0 0
0 0
0 0
0 0
0 0
0 0
0 0
0 0
0 0
1552 13625
0 0
0 0
0 0
0 0
0 0
0 0
0 0
0 0
0 0
1552 13327
0 0
0 0
0 0
0 0
0 0
0 0
0 0
0 0
0 0
1136 4563
416 8895
0 0
0 0
0 0
0 0
0 0
0 0
0 0
0 0
0 0
1500 13289
0 0
0 0
0 0
0 0
0 0
0 0
0 0
0 0
0 0
1500 13574
0 0
0 0
0 0
0 0
0 0
0 0
0 0
0 0
0 0
1552 13481
0 0
0 0
0 0
0 0
0 0
0 0
0 0
0 0
0 0
1552 13564
0 0
0 0
0 0
0 0
0 0
0 0
0 0
0 0
0 0
1552 13436
0 0
0 0
0 0
0 0
0 0
0 0
0 0
0 0
0 0
112 60
1492 13431
0 0
0 0
0 0
0 0
0 0
0 0
0 0
0 0
0 0
1500 13428
0 0
0 0
0 0
0 0
0 0
0 0
0 0
0 0
0 0
1552 13724
0 0
0 0
0 0
0 0
0 0
0 0
0 0
0 0
0 0
1552 13495
0 0
0 0
0 0
0 0
0 0
0 0
0 0
0 0
0 0
1552 13739
0 0
0 0
0 0
0 0
0 0
0 0
0 0
0 0
0 0
681 112
819 13083
0 0
0 0
0 0
0 0
0 0
0 0
0 0
0 0
0 0
1552 13542
0 0
0 0
0 0
0 0
0 0
0 0
0 0
0 0
0 0
1616 13861
0 0
0 0
0 0
0 0
0 0
0 0
0 0
0 0
0 0
1136 4563
532 9250
0 0
0 0
0 0
0 0
0 0
0 0
0 0
0 0
0 0
1500 13435
0 0
0 0
0 0
0 0
0 0
0 0
0 0
0 0
0 0
1552 13528
0 0
0 0
0 0
0 0
0 0
0 0
0 0
0 0
0 0
1136 4564
364 8790
0 0
0 0
0 0
0 0
0 0
0 0
0 0
0 0
0 0
1552 13754
0 0
0 0
0 0
0 0
0 0
0 0
0 0
0 0
0 0
1500 13539
0 0
0 0
0 0
0 0
0 0
0 0
0 0
0 0
0 0
1668 13510
0 0
0 0
0 0
0 0
0 0
60 0
355 416
0 0
0 0
1136 4563
416 8830
0 0
0 0
0 0
0 0
0 0
0 0
0 0
0 0
0 0
1552 13321
0 0
0 0
0 0
0 0
0 0
0 0
0 0
0 0
0 0
1552 13568
0 0
0 0
0 0
0 0
0 0
0 0
0 0
0 0
0 0
1500 13210
0 0
0 0
0 0
0 0
0 0
0 0
0 0
0 0
1616 13619
0 0
0 0
0 0
0 0
0 0
0 0
0 0
0 0
0 0
1720 13745
0 0
0 0
0 0
0 0
0 0
0 0
0 0
0 0
0 0
60 0
1608 13733
0 0
0 0
0 0
0 0
0 0
0 0
0 0
0 0
0 0
1668 13791
0 0
0 0
0 0
0 0
0 0
0 0
0 0
0 0
0 0
1136 4563
532 8845
0 0
0 0
0 0
0 0
0 0
0 0
0 0
0 0
0 0
1616 13470
0 0
0 0
0 0
0 0
0 0
0 0
0 0
0 0
0 0
1668 13428
0 0
0 0
0 0
0 0
0 0
0 0
0 0
0 0
0 0
1136 4563
584 9212
0 0
0 0
0 0
0 0
0 0
0 0
0 0
0 0
0 0
1668 13604
0 0
0 0
0 0
0 0
0 0
0 0
0 0
0 0
0 0
1668 13703
0 0
0 0
0 0
0 0
0 0
0 0
0 0
0 0
0 0
1136 4561
532 9119
0 0
0 0
0 0
0 0
0 0
0 0
0 0
0 0
0 0
1552 13520
0 0
0 0
0 0
0 0
0 0
0 0
0 0
0 0
0 0
1668 13911
0 0
0 0
0 0
0 0
0 0
0 0
0 0
0 0
0 0
1188 4615
480 8947
0 0
0 0
0 0
0 0
0 0
0 0
0 0
0 0
0 0
1668 13491
0 0
0 0
0 0
0 0
0 0
0 0
0 0
0 0
0 0
1616 13927
0 0
0 0
0 0
0 0
0 0
0 0
0 0
0 0
0 0
1136 4563
480 8878
0 0
0 0
0 0
0 0
0 0
0 0
0 0
0 0
0 0
1616 13729
0 0
0 0
0 0
0 0
0 0
0 0
0 0
0 0
0 0
1552 13522
0 0
0 0
0 0
0 0
0 0
0 0
0 0
0 0
0 0
1136 4563
532 8913
0 0
0 0
0 0
0 0
0 0
0 0
0 0
0 0
0 0
1552 13505
0 0
0 0
0 0
0 0
0 0
0 0
0 0
0 0
0 0
1668 13949
0 0
0 0
0 0
0 0
0 0
0 0
0 0
0 0
0 0
1136 4562
532 9069
0 0
0 0
0 0
0 0
0 0
0 0
0 0
0 0
0 0
1676 13705
251 60
382 304
0 52
0 0
0 0
0 0
0 0
0 0
0 0
1668 13980
0 0
0 0
0 0
0 0
0 0
0 0
0 0
0 0
0 0
1136 4563
532 9084
0 0
0 0
0 0
0 0
0 0
0 0
0 0
0 0
0 0
1636 13717
0 0
0 0
0 0
0 0
0 0
0 0
0 0
0 0
0 0
1616 13571
0 0
0 0
0 0
0 0
0 0
0 0
0 0
0 0
0 0
1136 4563
480 8830
0 0
0 0
0 0
0 0
0 0
0 0
0 0
0 0
0 0
1616 13784
0 0
0 0
0 0
0 0
0 0
0 0
0 0
0 0
0 0
1668 13695
0 0
0 0
0 0
0 0
0 0
0 0
0 0
0 0
0 0
1136 4563
480 9008
0 0
0 0
0 0
0 0
0 0
0 0
0 0
0 0
0 0
1720 13891
0 0
0 0
0 0
0 0
0 0
0 0
0 0
0 0
0 0
1668 13360
0 0
0 0
0 0
0 0
0 0
0 0
0 0
0 0
0 0
651 60
1019 13259
0 0
0 0
0 0
0 0
0 0
0 0
0 0
0 0
0 0
1668 13770
0 0
0 0
0 0
0 0
0 0
0 0
0 0
0 0
0 0
1500 13899
0 0
0 0
0 0
0 0
0 0
0 0
0 0
0 0
0 0
1500 13782
0 0
0 0
0 0
0 0
0 0
0 0
0 0
0 0
0 0
60 0
1712 13722
0 0
0 0
0 0
0 0
0 0
0 0
0 0
0 0
0 0
1668 13462
0 0
0 0
0 0
0 0
0 0
0 0
0 0
0 0
0 0
1668 13650
0 0
0 0
0 0
0 0
0 0
0 0
0 0
0 0
0 0
1136 4511
532 9246
0 0
0 0
0 0
0 0
0 0
0 0
0 0
0 0
0 0
1552 13496
0 0
0 0
0 0
0 0
0 0
0 0
0 0
0 0
0 0
1616 13502
0 0
0 0
0 0
0 0
0 0
0 0
0 0
0 0
0 0
1136 4564
364 9021
0 0
0 0
0 0
0 0
0 0
0 0
0 0
0 0
0 0
1552 13640
0 0
0 0
0 0
0 0
0 0
0 0
0 0
0 0
0 0
1604 13779
0 0
0 0
0 0
0 0
0 0
0 0
0 0
0 0
0 0
1500 13404
0 0
0 0
0 0
0 0
0 0
0 0
0 0
0 0
0 0
1604 13727
0 0
0 0
0 0
0 0
0 0
0 0
0 0
0 0
0 0
1656 13872
0 0
0 0
0 0
0 0
0 0
0 0
0 0
0 0
0 0
681 112
819 13405
0 0
0 0
0 0
0 0
0 0
0 0
0 0
0 0
0 0
1552 13660
0 0
0 0
0 0
0 0
0 0
0 0
0 0
0 0
0 0
1552 13502
0 0
355 416
0 0
0 0
0 0
0 0
0 0
0 0
0 0
1552 13448
0 0
0 0
0 0
0 0
0 0
0 0
0 0
0 0
0 0
1604 13634
0 0
0 0
0 0
0 0
0 0
0 0
0 0
0 0
0 0
1136 4562
416 8977
0 0
0 0
0 0
0 0
0 0
0 0
0 0
0 0
0 0
1552 13506
0 0
0 0
0 0
0 0
0 0
0 0
0 0
0 0
0 0
1500 13542
0 0
0 0
0 0
0 0
0 0
0 0
0 0
0 0
0 0
1552 13412
0 0
0 0
0 0
0 0
0 0
0 0
0 0
0 0
0 0
1552 13625
0 0
0 0
0 0
0 0
0 0
0 0
0 0
0 0
0 0
1552 13327
0 0
0 0
0 0
0 0
0 0
0 0
0 0
0 0
0 0
1136 4563
416 8895
0 0
0 0
0 0
0 0
0 0
0 0
0 0
0 0
0 0
1500 13289
0 0
0 0
0 0
0 0
0 0
0 0
0 0
0 0
0 0
1500 13574
0 0
0 0
0 0
0 0
0 0
0 0
0 0
0 0
0 0
1552 13481
0 0
0 0
0 0
0 0
0 0
0 0
0 0
0 0
0 0
1552 13564
0 0
0 0
0 0
0 0
0 0
0 0
0 0
0 0
0 0
1552 13436
0 0
0 0
0 0
0 0
0 0
0 0
0 0
0 0
0 0
112 60
1492 13431
0 0
0 0
0 0
0 0
0 0
0 0
0 0
0 0
0 0
1500 13428
0 0
0 0
0 0
0 0
0 0
0 0
0 0
0 0
0 0
1552 13724
0 0
0 0
0 0
0 0
0 0
0 0
0 0
0 0
0 0
1552 13495
0 0
0 0
0 0
0 0
0 0
0 0
0 0
0 0
0 0
1552 13739
0 0
0 0
0 0
0 0
0 0
0 0
0 0
0 0
0 0
681 112
819 13083
0 0
0 0
0 0
0 0
0 0
0 0
0 0
0 0
0 0
1552 13542
0 0
0 0
0 0
0 0
0 0
0 0
0 0
0 0
0 0
1616 13861
0 0
0 0
0 0
0 0
0 0
0 0
0 0
0 0
0 0
1136 4563
532 9250
0 0
0 0
0 0
0 0
0 0
0 0
0 0
0 0
0 0
1500 13435
0 0
0 0
0 0
0 0
0 0
0 0
0 0
0 0
0 0
1552 13528
0 0
0 0
0 0
0 0
0 0
0 0
0 0
0 0
0 0
1136 4564
364 8790
0 0
0 0
0 0
0 0
0 0
0 0
0 0
0 0
0 0
1552 13754
0 0
0 0
0 0
0 0
0 0
0 0
0 0
0 0
0 0
1500 13539
0 0
0 0
0 0
0 0
0 0
0 0
0 0
0 0
0 0
1668 13510
0 0
0 0
0 0
0 0
0 0
60 0
355 416
0 0
0 0
1136 4563
416 8830
0 0
0 0
0 0
0 0
0 0
0 0
0 0
0 0
0 0
1552 13321
0 0
0 0
0 0
0 0
0 0
0 0
0 0
0 0
0 0
1552 13568
0 0
0 0
0 0
0 0
0 0
0 0
0 0
0 0
0 0
1500 13210
0 0
0 0
0 0
0 0
0 0
0 0
0 0
0 0
1616 13619
0 0
0 0
0 0
0 0
0 0
0 0
0 0
0 0
0 0
1720 13745
0 0
0 0
0 0
0 0
0 0
0 0
0 0
0 0
0 0
60 0
1608 13733
0 0
0 0
0 0
0 0
0 0
0 0
0 0
0 0
0 0
1668 13791
0 0
0 0
0 0
0 0
0 0
0 0
0 0
0 0
0 0
1136 4563
532 8845
0 0
0 0
0 0
0 0
0 0
0 0
0 0
0 0
0 0
1616 13470
0 0
0 0
0 0
0 0
0 0
0 0
0 0
0 0
0 0
1668 13428
0 0
0 0
0 0
0 0
0 0
0 0
0 0
0 0
0 0
1136 4563
584 9212
0 0
0 0
0 0
0 0
0 0
0 0
0 0
0 0
0 0
1668 13604
0 0
0 0
0 0
0 0
0 0
0 0
0 0
0 0
0 0
1668 13703
0 0
0 0
0 0
0 0
0 0
0 0
0 0
0 0
0 0
1136 4561
532 9119
0 0
0 0
0 0
0 0
0 0
0 0
0 0
0 0
0 0
1552 13520
0 0
0 0
0 0
0 0
0 0
0 0
0 0
0 0
0 0
1668 13911
0 0
0 0
0 0
0 0
0 0
0 0
0 0
0 0
0 0
1188 4615
480 8947
0 0
0 0
0 0
0 0
0 0
0 0
0 0
0 0
0 0
1668 13491
0 0
0 0
0 0
0 0
0 0
0 0
0 0
0 0
0 0
1616 13927
0 0
0 0
0 0
0 0
0 0
0 0
0 0
0 0
0 0
1136 4563
480 8878
0 0
0 0
0 0
0 0
0 0
0 0
0 0
0 0
0 0
1616 13729
0 0
0 0
0 0
0 0
0 0
0 0
0 0
0 0
0 0
1552 13522
0 0
0 0
0 0
0 0
0 0
0 0
0 0
0 0
0 0
1136 4563
532 8913
0 0
0 0
0 0
0 0
0 0
0 0
0 0
0 0
0 0
1552 13505
0 0
0 0
0 0
0 0
0 0
0 0
0 0
0 0
0 0
1668 13949
0 0
0 0
0 0
0 0
0 0
0 0
0 0
0 0
0 0
1136 4562
532 9069
0 0
0 0
0 0
0 0
0 0
0 0
0 0
0 0
0 0
1676 13705
251 60
382 304
0 52
0 0
0 0
0 0
0 0
0 0
0 0
1668 13980
0 0
0 0
0 0
0 0
0 0
0 0
0 0
0 0
0 0
1136 4563
532 8984
0 0
0 0
0 0
0 0
0 0
0 0
0 0
0 0
0 0
1616 13777
0 0
0 0
0 0
0 0
0 0
0 0
0 0
0 0
0 0
1616 13571
0 0
0 0
0 0
0 0
0 0
0 0
0 0
0 0
0 0
1136 4563
480 8830
0 0
0 0
0 0
0 0
0 0
0 0
0 0
0 0
0 0
1616 13784
0 0
0 0
0 0
0 0
0 0
0 0
0 0
0 0
0 0
1668 13695
0 0
0 0
0 0
0 0
0 0
0 0
0 0
0 0
0 0
1136 4563
480 9008
0 0
0 0
0 0
0 0
0 0
0 0
0 0
0 0
0 0
1720 13891
0 0
0 0
0 0
0 0
0 0
0 0
0 0
0 0
0 0
1668 13360
0 0
0 0
0 0
0 0
0 0
0 0
0 0
0 0
0 0
681 60
1039 13759
0 0
0 0
0 0
0 0
0 0
0 0
0 0
0 0
0 0
1668 13770
0 0
0 0
0 0
0 0
0 0
0 0
0 0
0 0
0 0
1500 13549
0 0
0 0
0 0
0 0
0 0
0 0
0 0
0 0
0 0
1500 13242
0 0
0 0
0 0
0 0
0 0
0 0
0 0
0 0
0 0
60 0
1712 13752
0 0
0 0
0 0
0 0
0 0
0 0
0 0
0 0
0 0
1668 13462
0 0
0 0
0 0
0 0
0 0
0 0
0 0
0 0
0 0
1668 13650
0 0
0 0
0 0
0 0
0 0
0 0
0 0
0 0
0 0
1136 4511
532 9246
0 0
0 0
0 0
0 0
0 0
0 0
0 0
0 0
0 0
1552 13496
0 0
0 0
0 0
0 0
0 0
0 0
0 0
0 0
0 0
1616 13502
0 0
0 0
0 0
0 0
0 0
0 0
0 0
0 0
0 0
1136 4564
364 9021
0 0
0 0
0 0
0 0
0 0
0 0
0 0
0 0
0 0
1552 13640
0 0
0 0
0 0
0 0
0 0
0 0
0 0
0 0
0 0
1604 13779
0 0
0 0
0 0
0 0
0 0
0 0
0 0
0 0
0 0
1500 13404
0 0
0 0
0 0
0 0
0 0
0 0
0 0
0 0
0 0
1604 13727
0 0
0 0
0 0
0 0
0 0
0 0
0 0
0 0
0 0
1656 13872
0 0
0 0
0 0
0 0
0 0
0 0
0 0
0 0
0 0
681 112
819 13405
0 0
0 0
0 0
0 0
0 0
0 0
0 0
0 0
0 0
1552 13660
0 0
0 0
0 0
0 0
0 0
0 0
0 0
0 0
0 0
1552 13502
0 0
355 416
0 0
0 0
0 0
0 0
0 0
0 0
0 0
1552 13448
0 0
0 0
0 0
0 0
0 0
0 0
0 0
0 0
0 0
1604 13634
0 0
0 0
0 0
0 0
0 0
0 0
0 0
0 0
0 0
1136 4562
416 8977
0 0
0 0
0 0
0 0
0 0
0 0
0 0
0 0
0 0
1552 13506
0 0
0 0
0 0
0 0
0 0
0 0
0 0
0 0
0 0
1500 13542
0 0
0 0
0 0
0 0
0 0
0 0
0 0
0 0
0 0
1552 13412
0 0
0 0
0 0
0 0
0 0
0 0
0 0
0 0
0 0
1552 13625
0 0
0 0
0 0
0 0
0 0
0 0
0 0
0 0
0 0
1552 14027
0 0
0 0
0 0
0 0
0 0
0 0
0 0
0 0
0 0
1136 4513
416 8815
0 0
0 0
0 0
0 0
0 0
0 0
0 0
0 0
0 0
1502 13589
0 0
