60 0
0 0
224 120
0 0
10084 395818
22021 136688
11441 193082
873 1209
216 311
0 0
0 0
0 0
1402 445
4590 6322
24888 444081
14707 283739
10724 101635
7055 199043
816 5852
6972 138758
17104 45362
4755 51885
0 0
5188 9531
10614 167895
11137 251311
1710 644
0 52
139 0
60 0
156 156
0 0
0 0
251 60
139 0
251 40
199 0
335 300
60 0
199 0
60 0
2838 2527
35416 284880
4791 1787
3867 1738
536 345
1061 1001
60 0
60 0
375 440
120 0
0 0
150 0
937 23537
10431 127992
12994 280822
18157 327296
40697 2322475
6411 222216
993 4536
1928 22433
0 0
359 1244
480 1320
295 356
0 0
0 0
0 0
0 0
0 0
0 0
284 208
1040 704
0 0
223 131
357 237
171 171
195 195
787 735
0 0
52 52
52 104
195 195
0 0
0 0
0 0
0 0
0 0
0 0
0 0
0 0
0 0
0 0
0 0
0 0
0 0
0 0
0 0
52 0
52 52
975 975
494 390
1952 5600
397 293
0 0
0 0
0 0
0 0
0 0
0 0
0 0
0 0
195 195
1222 1243
728 466
52 0
195 91
0 0
442 1345
0 0
674 29157
483 2392
156 0
52 1195
0 0
365 1561
271 104
0 0
208 104
104 52
829 59246
0 0
119 79
357 237
119 119
247 143
533 377
150 98
0 0
0 0
0 0
143 91
0 0
0 0
0 0
0 0
0 0
0 0
1014 1914
200 1110
0 0
0 0
199 1065
0 0
0 0
0 0
685 312
0 0
923 559
286 182
143 91
199 0
594 1485
0 0
0 0
0 0
453 1390
0 0
0 0
0 0
143 91
0 0
767 715
286 286
0 0
0 0
0 0
0 0
143 91
0 0
0 0
0 0
0 0
0 0
717 316
0 0
223 80
183 80
669 280
219 104
0 0
1098 624
0 0
0 0
219 104
0 0
0 0
0 0
0 0
0 0
0 0
0 0
0 0
0 0
0 0
0 0
0 0
0 0
0 0
0 0
0 0
0 0
761 416
980 520
219 104
0 0
0 0
180 104
0 0
0 0
0 0
0 0
5005 13035
1713 5054
219 104
1498 923
219 104
219 104
0 0
0 0
0 0
0 0
156 156
0 0
0 0
0 0
0 0
143 91
0 0
0 0
0 0
0 0
0 0
0 0
0 0
0 0
0 0
0 0
0 0
0 0
0 0
0 0
0 0
0 0
4787 16686
1272 2420
814 164
9813 260640
0 0
0 0
0 0
0 0
0 0
0 0
0 0
156 156
0 0
0 0
0 0
0 0
0 0
0 0
0 0
0 0
0 0
0 0
0 0
283 260
0 0
0 0
0 0
286 286
0 0
195 143
0 0
0 0
264 1026
201 1128
0 0
236 1247
0 0
323 288
0 0
0 0
0 0
0 0
0 0
0 0
0 0
0 0
0 0
0 0
0 0
0 0
0 0
0 0
0 0
0 0
0 0
0 0
0 0
0 0
0 0
119 119
0 0
195 143
0 0
0 0
0 0
0 0
0 0
0 0
0 0
0 0
0 0
0 0
0 0
0 0
0 0
0 0
0 0
0 0
0 0
0 0
0 0
0 0
0 0
0 0
284 208
0 0
286 182
0 0
0 0
0 0
0 0
0 0
0 0
289 1222
0 0
0 0
0 0
0 0
0 0
0 0
0 0
0 0
0 0
0 0
0 0
229 1261
0 0
281 364
221 360
60 0
60 0
0 0
60 0
0 0
228 1243
80 40
60 0
0 0
450 1438
104 52
143 91
0 0
0 0
0 0
0 0
60 0
0 0
0 0
0 0
60 0
697 1180
199 0
390 60
633 356
383 1243
139 0
0 0
199 0
347 416
594 260
0 0
0 0
0 0
139 0
0 0
0 0
0 0
0 0
0 0
0 0
0 0
0 0
112 40
120 0
60 0
120 0
120 0
0 0
251 60
156 356
0 0
0 0
0 0
0 0
0 0
0 0
0 0
0 0
0 0
0 0
0 0
183 80
0 0
0 0
271 104
0 0
0 0
0 0
0 0
0 0
0 0
0 0
0 0
0 0
0 0
0 0
0 0
0 0
0 0
0 0
0 0
0 0
195 91
0 0
0 0
0 0
0 0
0 0
0 0
0 0
0 0
0 0
0 0
0 0
0 0
0 0
0 0
0 0
0 0
0 0
0 0
0 0
0 0
0 0
0 0
0 0
0 0
0 0
0 0
0 0
0 0
921 2704
0 0
0 0
0 0
0 0
0 0
0 0
0 0
0 0
0 0
0 0
0 0
0 0
0 0
0 0
0 0
0 0
1001 1001
0 0
0 0
0 0
2289 22924
6306 126385
17647 306682
10699 41324
0 52
0 0
9140 17445
20642 720289
30285 675807
20572 84114
36376 98555
1168 109113
12561 246912
21899 465124
7994 23367
71691 116138
23172 14891
79141 36562
15898 3419
34090 27569
30761 118995
7774 24587
1974 4956
7703 101674
11034 18123
6571 1957
18966 45028
22782 11278
0 0
722 315
335 340
6026 1484
2222 493
4444 986
2222 493
2660 931
219 208
4444 986
0 0
706 221
0 0
0 0
926 52
52 522
0 0
156 156
0 0
0 0
0 0
0 0
3001 459
3829 2384
7874 520538
6578 215964
40 0
0 0
0 0
0 0
2293 35605
3057 9116
541 2317
2034 1395
1393 2913
0 0
2222 493
435 143
7102 180620
727 696
990 435
156 156
0 0
3736 30128
13430 4571
6362 3862
3233 12868
429 377
690 365
1338 391
848 808
3892 8264
5344 2190
0 0
338 286
286 234
286 286
443 391
286 234
374 166
1600 1061
995 8483
2204 4294
1101 1601
4713 87431
12266 237818
10760 94619
9554 229735
962 21012
0 64
150 150
0 0
0 0
143 143
0 0
0 0
0 0
0 0
0 0
0 0
0 0
150 98
150 150
0 0
0 0
0 0
0 0
0 0
0 0
150 150
0 0
0 0
143 91
0 0
0 0
0 0
303 171
262 170
0 0
143 143
0 0
0 0
715 611
143 91
0 0
971 695
429 273
644 396
490 327
1139 808
395 355
187 227
104 52
390 234
455 247
286 182
443 287
286 182
0 0
0 0
0 0
0 40
0 0
0 0
338 286
429 429
429 377
143 143
150 150
0 0
0 0
143 91
0 0
0 0
0 0
0 0
0 0
0 0
0 0
0 0
645 1341
150 150
0 0
0 0
1137 4655
271 156
0 0
150 150
0 0
271 208
223 80
271 104
323 284
0 0
215 187
271 156
813 511
0 0
992 524
271 104
1983 1350
223 80
1002 420
1251 1719
233 104
0 0
271 208
542 312
0 0
879 492
1202 847
0 0
0 0
204 1321
0 0
0 0
0 0
0 0
0 0
0 0
0 0
200 986
337 291
390 234
429 273
951 489
5483 14360
2913 3127
0 0
2184 1210
0 0
2280 2280
1693 1262
337 312
0 0
0 0
475 18267
3439 102219
16776 230389
0 0
0 0
441 395
0 0
0 0
0 0
0 0
0 0
19089 1291707
30370 1609222
3343 68813
21824 1096666
44394 578548
24195 399941
10626 183218
14309 92018
11640 130316
22900 103407
21095 281140
30511 354994
14891 17538
10541 12311
13745 162314
30728 201460
12272 337396
0 0
0 0
0 0
0 0
0 0
0 0
0 0
0 0
283 363
156 156
0 0
8096 1209
5291 134824
0 0
502 548
143 91
464 509
0 0
283 260
297 267
143 143
0 0
0 0
0 0
297 384
0 0
4469 897
0 0
0 0
0 0
0 0
0 0
234 286
52 0
0 0
0 0
0 0
0 0
0 0
0 0
0 0
4500 897
119 119
0 0
143 143
810 730
842 938
548 456
286 286
485 593
631 527
234 286
572 520
254 98
0 0
2252 9801
17898 50538
286 234
0 0
104 104
0 0
0 0
0 0
1566 1050
0 0
0 0
156 156
0 0
0 0
0 0
286 234
4469 897
0 0
1049 94724
143 91
0 0
465 509
0 0
0 0
143 91
0 0
0 0
0 0
0 0
8098 202952
0 0
4500 897
0 0
0 0
0 0
0 0
286 182
0 0
0 0
0 0
0 0
0 0
0 0
0 0
1442 1096
0 0
4888 1212
478 364
143 143
810 626
429 325
6309 885590
2365 3729
373 317
501 293
366 222
143 91
150 98
288 144
143 143
1834 1418
5824 1079
156 156
0 0
0 0
0 0
0 0
195 143
0 0
0 0
0 0
0 0
323 128
0 160
286 234
0 0
5874 961
167 0
52 104
0 0
0 0
3740 1331
0 0
0 0
0 0
0 0
0 0
0 0
429 377
542 312
0 0
4488 949
0 0
0 0
0 0
0 0
0 0
0 0
0 0
2344 1346
18960 19126
5453 20925
1411 908
709 312
765 340
271 156
813 416
2261 659
334 0
323 312
428 299
0 0
0 0
1498 780
438 208
2035 1285
23993 586695
91 0
507 143
260 455
0 0
0 0
0 0
0 0
0 0
0 0
0 0
0 0
542 260
0 0
0 0
0 0
0 0
0 0
0 0
0 0
0 0
0 0
396 1568
91 0
212 91
420 1437
0 0
0 0
402 1274
245 156
286 234
0 0
0 0
0 0
0 0
0 0
0 0
212 918
206 1003
242 160
202 160
380 355
338 286
429 429
0 0
0 0
0 0
0 0
0 0
0 0
0 0
287 1151
143 143
0 0
0 0
219 104
1323 712
0 0
483 286
299 1090
554 2019
421 2216
1125 161912
0 0
311 172
0 0
0 0
0 0
0 0
0 0
0 0
0 0
0 0
0 0
0 0
0 0
0 0
0 0
0 0
0 0
135 0
52 52
143 91
386 0
104 260
0 0
0 0
0 0
0 0
0 0
251 60
156 356
0 0
0 0
0 0
876 0
1432 5188
0 0
0 0
399 91
390 442
429 273
0 0
0 0
0 0
219 104
0 0
0 0
0 0
0 0
0 0
0 0
0 0
0 0
0 0
0 0
286 182
0 0
0 0
0 0
91 0
52 91
0 0
0 0
0 0
0 0
0 0
0 0
0 0
0 0
0 0
0 0
0 0
0 0
272 1075
271 156
0 0
0 0
212 1041
0 0
0 0
0 0
0 0
0 0
1103 1821
627 1147
478 1456
0 0
0 0
0 0
0 0
0 0
0 0
219 104
438 208
709 312
0 0
1362 5401
6171 4485
8707 28026
3837 16342
1963 503
0 0
0 0
21609 180887
31520 453726
30479 154564
31990 325853
22247 168934
4466 3719
0 0
0 0
0 0
199 267
0 0
0 0
0 0
128 132
284 288
271 223
0 0
592 362
135 104
0 0
0 0
0 0
0 0
283 300
0 0
0 0
0 0
0 0
0 0
681 60
4664 33142
1179 242
592 362
0 0
0 0
0 0
0 0
0 0
0 0
0 0
271 223
0 0
0 0
0 0
0 0
0 0
0 0
593 362
0 0
0 0
0 0
0 0
143 143
143 143
0 0
0 0
0 0
0 0
2105 4249
1172 976
572 520
831 595
1454 1173
429 429
104 104
0 0
0 0
0 0
399 380
0 0
3548 497627
164 179
1053 1053
87 135
0 0
0 0
0 0
594 362
0 0
0 0
0 0
0 0
156 156
517 44511
0 0
0 0
0 0
0 0
286 286
0 0
0 0
0 0
593 362
0 0
0 0
0 0
0 0
0 0
0 0
143 91
0 0
580 54821
522 63953
684 331
2029 1441
5272 8726
0 0
166 0
0 0
0 0
2066 555
309 91
143 91
0 0
0 0
6322 7990
20032 292325
24166 258709
33422 405858
29008 160963
31689 401093
24062 111140
4195 23313
19774 734453
8265 23443
7280 36120
3441 47019
1376 42255
3580 80970
10999 894062
4486 315263
4511 76619
4480 1053
0 0
83 0
0 0
0 0
83 0
0 0
0 0
0 0
0 0
0 0
0 0
0 0
0 0
286 182
4272 0
2432 91743
0 0
98 0
363 202
17072 6528
2185 6882
0 0
0 0
0 0
232 385
0 0
1975 451
0 52
119 119
0 0
0 0
2985 2676
302 104
0 0
3037 14752
2009 9661
1968 8076
3303 8666
4526 19873
6856 729214
8963 120284
19134 440978
21329 77409
9962 127437
10402 51644
26239 184849
16577 155259
338 286
286 286
436 384
572 520
0 0
0 0
0 0
143 143
119 79
143 91
0 0
0 0
1987 503
0 0
0 0
0 0
2926 2015
0 0
0 0
0 0
438 208
0 0
0 0
0 0
1993 503
0 0
0 0
143 91
0 0
98 0
195 241
0 0
0 0
0 0
0 0
0 0
0 0
0 0
0 0
119 119
0 0
0 0
0 0
0 0
0 0
0 0
60 0
203 143
2132 646
251 60
427 588
0 0
143 143
1363 1041
1045 962
429 429
715 559
286 234
579 371
143 91
286 182
1228 804
52 98
0 0
0 0
143 143
0 0
143 91
0 0
1987 451
0 0
0 0
0 0
0 0
143 143
0 0
0 0
0 0
0 0
0 0
0 0
1981 503
4604 6746
38665 531001
7817 236350
143 91
128 156
180 104
0 0
0 0
6375 380301
0 0
571 783
104 104
258 104
2309 2963
6647 8642
3064 9996
4970 2340
18213 501208
21365 913606
17955 1092587
6685 195250
10404 195654
1092 316515
1650 221943
143 91
1245 866
1149 25422
10319 771323
9400 83341
8908 89144
10740 439959
1493 222234
777 201993
3061 18764
1279 19206
808 3726
5246 484537
2213 45141
22282 160626
8873 130525
286 3007
625 20541
3149 108427
224 767
770 207465
4672 230934
1435 43182
952 3619
620 26911
455 2184
241 12246
804 1695
3086 17718
5159 182274
1339 1155
1555 3359
271 104
0 0
0 0
423 1159
262 222
0 0
0 0
0 0
2730 26873
3197 100519
372 42970
0 0
1222 47512
0 0
0 0
0 0
0 0
143 143
0 0
0 0
810 770
819 664
271 156
286 234
239 187
2400 73096
271 156
0 0
813 624
0 0
0 0
1327 102742
1880 10372
0 0
0 0
0 0
1561 23061
1270 2833
561 451
6896 8750
6492 13549
14504 32456
43135 121147
6891 59657
18269 233094
0 0
0 0
0 0
150 98
150 98
143 91
0 0
143 143
2199 46369
164 435
1140 1136
2590 78964
156 1766
0 0
0 0
0 0
0 0
6694 1050
1452 0
0 0
1452 0
0 0
0 0
0 0
4863 40967
5545 75011
9402 236799
4758 3094
0 0
0 0
0 0
104 52
0 0
156 116
754 596
0 0
286 182
0 0
0 0
0 0
0 0
0 0
0 0
0 0
0 0
377 246
0 0
0 0
0 0
0 0
0 0
0 0
0 0
0 0
286 286
143 143
429 429
0 0
0 0
0 0
0 0
248 162
248 162
234 155
0 0
143 91
0 0
119 79
0 0
0 0
143 91
223 120
0 0
0 0
0 0
0 0
143 91
0 0
0 0
0 0
0 0
0 0
0 0
195 143
315 383
572 572
0 0
271 208
657 312
0 0
542 260
0 0
0 0
0 0
2081 451
0 0
0 0
0 0
0 0
0 0
0 0
1751 902
0 0
1934 1882
143 143
0 0
0 0
0 0
722 23359
11271 160314
2252 2351
0 0
5753 31058
19428 491054
1627 20634
143 91
964 2204
0 0
0 0
271 156
0 0
0 0
0 0
0 0
0 0
0 0
0 0
0 0
0 0
414 195
0 0
0 0
0 0
0 0
0 0
0 0
0 0
0 0
0 0
0 0
0 0
0 0
0 0
0 0
774 416
0 0
0 0
0 0
0 0
0 0
0 0
0 0
0 0
0 0
0 0
0 0
0 0
542 260
0 0
0 0
0 0
0 0
0 0
60 0
60 0
0 0
550 312
414 299
414 299
429 429
60 0
286 286
143 91
0 0
0 0
0 0
0 0
0 0
0 0
390 60
156 356
265 1112
2107 166966
0 0
0 0
212 963
0 0
0 0
0 0
0 0
0 0
0 0
0 0
194 851
0 0
0 0
0 0
0 0
0 0
0 0
0 0
0 0
0 0
0 0
0 0
0 0
514 2123
0 0
0 0
0 0
0 0
0 0
0 0
824 208
0 0
291 170
0 0
0 0
0 0
0 0
0 0
0 0
0 0
0 0
0 0
0 0
143 91
143 91
429 273
0 0
286 182
212 1227
0 0
0 0
0 0
0 0
0 0
264 1141
396 1341
0 0
217 1317
143 91
0 0
0 0
0 0
0 0
0 0
0 0
0 0
0 0
210 1055
409 32223
0 0
207 1014
0 0
0 0
0 0
232 1244
0 0
0 0
0 0
0 0
0 0
0 0
0 0
0 0
0 0
0 0
0 0
0 0
0 0
0 0
0 0
0 0
0 0
0 0
0 0
0 0
0 0
219 104
709 364
219 104
1105 424
271 208
0 0
0 0
0 0
0 0
2267 4086
0 0
158 0
200 928
52 872
427 1283
0 0
0 0
0 0
0 0
0 0
0 0
0 0
0 0
0 0
0 0
216 0
52 1133
0 0
0 0
0 0
284 228
0 0
139 135
0 0
0 0
0 0
0 0
0 0
0 0
0 0
0 0
0 0
0 0
0 0
0 0
0 0
0 0
0 0
0 0
0 0
0 0
0 0
0 0
0 0
0 0
0 0
0 0
0 0
0 0
0 0
0 0
0 0
0 0
0 0
0 0
0 0
0 0
0 0
143 143
0 0
0 0
0 0
0 0
0 0
0 0
0 0
0 0
0 0
0 0
0 0
0 0
0 0
0 0
0 0
143 91
0 0
0 0
0 0
0 0
143 91
276 1078
0 0
0 0
0 0
0 0
0 0
0 0
0 0
0 0
0 0
0 0
0 0
0 0
0 0
0 0
0 0
0 0
0 0
0 0
0 0
0 0
0 0
0 0
0 0
0 0
0 0
0 0
0 0
0 0
0 0
0 0
0 0
0 0
0 0
0 0
0 0
0 0
143 91
0 0
0 0
0 0
0 0
0 0
0 0
0 0
0 0
0 0
0 0
0 0
0 0
0 0
0 0
271 248
0 0
0 0
0 0
0 0
0 0
0 0
143 91
0 0
0 0
0 0
0 0
0 0
0 0
474 1912
0 0
0 0
0 0
0 0
0 0
0 0
0 0
0 0
0 0
0 0
0 0
0 0
0 0
0 0
0 0
0 0
0 0
0 0
0 0
1096 1143
3194 81704
0 0
0 0
219 104
0 0
0 0
0 0
251 60
139 0
139 0
139 0
0 0
462 1021
393 186
506 1179
669 370
52 186
0 0
139 0
0 0
0 0
0 0
10928 394184
13426 85761
1499 2487
766 747
0 0
7475 34336
3821 49492
3336 24571
3542 14977
1426 17793
10514 225142
17612 300754
11088 207249
1331 14376
330 60
259 0
139 0
0 0
0 0
199 0
60 0
120 0
0 0
445 0
949 51082
1564 156249
52 40
120 0
347 416
0 0
0 0
0 0
0 0
0 0
11013 509791
369 2093
60 0
0 0
0 0
0 0
60 0
120 0
60 0
120 0
311 60
139 0
199 0
259 0
60 0
139 0
120 0
0 0
0 0
0 0
1233 59908
7324 1065883
467 416
0 0
120 0
195 195
585 533
303 100
156 356
0 0
0 0
195 195
0 0
0 0
143 195
299 195
442 338
0 0
0 0
0 0
0 0
0 0
0 0
0 0
0 0
0 0
0 0
0 0
0 0
0 0
0 0
0 0
0 0
0 0
0 0
0 0
0 0
0 0
0 0
0 0
0 0
0 0
0 0
0 0
697 300
0 0
0 0
0 0
0 0
127 0
557 2880
0 0
0 0
0 0
0 0
0 0
0 0
0 0
0 0
0 0
195 143
0 0
104 52
0 0
195 143
702 0
156 621
0 0
0 0
0 0
143 91
0 0
0 0
143 91
143 91
286 182
0 0
0 0
0 0
139 135
0 0
0 0
0 0
0 0
0 0
0 0
0 0
0 0
514 1366
0 0
0 0
0 0
0 0
0 0
0 0
0 0
0 0
0 0
0 0
0 0
0 0
0 0
0 0
0 0
0 0
0 0
0 0
0 0
0 0
0 0
0 0
0 0
0 0
0 0
0 0
0 0
0 0
271 208
813 572
143 91
0 0
0 0
0 0
219 104
0 0
0 0
271 156
219 104
490 260
0 0
0 0
0 0
0 0
0 0
0 0
0 0
0 0
0 0
0 0
0 0
0 0
0 0
0 0
0 0
0 0
0 0
143 91
0 0
0 0
0 0
0 0
0 0
0 0
0 0
0 0
0 0
0 0
0 0
0 0
0 0
0 0
0 0
0 0
0 0
0 0
0 0
0 0
0 0
0 0
0 0
0 0
219 168
0 0
0 0
0 0
0 0
0 0
0 0
0 0
0 0
0 0
0 0
0 0
0 0
0 0
0 0
0 0
0 0
0 0
0 0
0 0
0 0
0 0
0 0
0 0
471 1440
0 0
0 0
0 0
0 0
6011 3666
5902 9411
14740 40373
4830 12069
0 0
2809 57114
923 3124
0 0
0 0
0 0
0 0
0 0
0 0
0 0
215 1334
0 0
2700 30475
0 0
0 0
0 0
0 0
0 0
198 876
0 0
0 0
0 0
0 0
0 0
0 0
0 0
196 1229
2734 93636
0 0
3746 148812
194 1141
0 0
0 0
0 0
405 2132
0 0
746 46800
0 0
6153 169709
3965 275910
1812 155841
295 1014
257 191
2689 362945
0 0
0 0
0 0
0 0
0 0
524 22940
0 0
403 2123
0 0
1334 19865
1889 9574
0 0
143 91
429 429
0 0
0 0
143 143
0 0
0 0
0 0
0 0
0 0
0 0
0 0
0 0
0 0
0 0
0 0
0 0
0 0
0 0
0 0
0 0
0 0
0 0
0 0
392 1364
0 0
0 0
0 0
0 0
0 0
0 0
0 0
0 0
0 0
0 0
0 0
0 0
0 0
196 910
437 39479
0 0
0 0
1615 3131
211 1250
0 0
0 0
546 28792
60 0
60 0
0 0
747 123712
0 0
0 0
0 0
60 0
0 0
0 0
0 0
0 0
143 91
629 1740
0 0
0 0
550 507
0 0
0 0
461 1967
0 0
0 0
0 0
0 0
0 0
0 0
0 0
0 0
0 0
0 0
0 0
0 0
0 0
0 0
0 0
0 0
0 0
0 0
0 0
0 0
0 0
0 0
0 0
0 0
0 0
0 0
0 0
0 0
0 0
0 0
0 0
0 0
0 0
0 0
0 0
0 0
0 0
263 1189
0 0
0 0
0 0
0 0
143 143
0 0
0 0
219 104
761 416
0 0
219 104
529 2123
0 0
0 0
139 83
0 52
0 0
0 0
1053 1053
0 0
0 0
0 0
0 0
0 0
439 964
0 0
264 52
5785 224813
156 156
0 0
0 0
0 0
0 0
0 0
0 0
0 0
0 0
0 0
0 0
3814 24159
12661 126098
20586 251205
5262 109612
0 0
0 0
0 0
605 14032
221 1140
260 195
0 0
0 0
0 0
0 0
0 0
0 0
0 0
0 0
0 0
0 0
0 0
460 1734
0 0
0 0
0 0
0 0
0 0
0 0
0 0
0 0
0 0
0 0
0 0
0 0
0 0
0 0
0 0
0 0
0 0
0 0
0 0
424 1499
0 0
0 0
0 0
0 0
0 0
0 0
0 0
0 0
0 0
0 0
0 0
0 0
0 0
0 0
0 0
0 0
143 91
0 0
767 715
286 286
0 0
0 0
0 0
0 0
143 91
0 0
0 0
0 0
0 0
0 0
0 0
0 0
0 0
0 0
0 0
0 0
0 0
0 0
0 0
0 0
0 0
287 1362
0 0
0 0
0 0
0 0
0 0
0 0
0 0
0 0
0 0
0 0
0 0
0 0
8617 11266
3369 7470
8304 76071
12565 159786
0 0
0 0
0 0
0 0
12200 354371
0 0
0 0
0 0
0 0
233 197
0 0
0 0
0 0
0 0
0 0
0 0
0 0
0 0
0 0
286 182
143 91
0 0
0 0
0 0
0 0
143 91
0 0
0 0
0 0
0 0
0 0
0 0
0 0
0 0
0 0
0 0
0 0
0 0
0 0
0 0
0 0
0 0
143 91
0 0
0 0
1947 1057
750 536
0 0
0 0
0 0
3425 2222
3790 5493
5997 41371
1207 1140
1317 2193
3243 41318
3760 82739
8830 41532
8353 361134
52 52
0 0
0 0
0 0
0 0
0 0
0 0
0 0
0 0
0 0
0 0
0 0
0 0
219 104
0 0
0 0
0 0
0 0
0 0
0 0
563 1558
0 0
0 0
0 0
0 0
0 0
0 0
0 0
0 0
0 0
0 0
0 0
0 0
0 0
0 0
0 0
0 0
0 0
0 0
0 0
0 0
0 0
0 0
0 0
251 60
299 499
0 0
0 0
0 0
0 0
0 0
0 0
143 143
0 0
104 52
630 1412
429 429
858 754
0 0
0 0
0 0
0 0
0 0
0 0
0 0
0 0
0 0
0 0
0 0
0 0
0 0
269 1017
0 0
0 0
226 1050
0 0
0 0
0 0
0 0
0 0
0 0
639 59102
0 0
0 0
217 1065
0 0
0 0
0 0
0 0
0 0
0 0
5382 263190
0 0
0 0
0 0
0 0
0 0
0 0
0 0
0 0
0 0
0 0
0 0
0 0
143 91
0 0
0 0
0 0
0 0
0 0
1014 1442
143 91
0 0
0 0
143 91
520 337
611 401
87 135
0 0
0 0
0 0
0 0
0 0
0 0
0 0
0 0
0 0
0 0
0 0
0 0
0 0
0 0
0 0
0 0
0 0
0 0
0 0
0 0
0 0
0 0
0 0
0 0
0 0
0 0
0 0
0 0
0 0
0 0
0 0
143 91
0 0
0 0
0 0
0 0
0 0
0 0
0 0
219 104
0 0
0 0
0 0
0 0
0 0
0 0
219 104
0 0
0 0
219 104
904 559
709 364
0 0
0 0
0 0
0 0
0 0
0 0
0 0
0 0
0 0
0 0
0 0
0 0
0 0
0 0
0 0
0 0
0 0
0 0
0 0
0 0
0 0
0 0
0 0
0 0
0 0
0 0
0 0
0 0
0 0
0 0
0 0
0 0
0 0
0 0
299 1135
548 1526
0 0
0 0
143 91
3638 196394
0 0
0 0
0 0
0 0
0 0
0 0
0 0
0 0
0 0
0 0
0 0
0 0
0 0
0 0
0 0
0 0
0 0
0 0
0 0
0 0
0 0
0 0
0 0
0 0
0 0
0 0
0 0
0 0
0 0
0 0
0 0
0 0
0 0
0 0
0 0
0 0
0 0
0 0
0 0
0 0
0 0
0 0
0 0
0 0
0 0
0 0
0 0
0 0
682 556
0 0
0 0
0 0
2536 174072
590 25737
0 0
0 0
0 0
0 0
0 0
0 0
0 0
0 0
0 0
0 0
0 0
0 0
0 0
0 0
0 0
0 0
0 0
0 0
0 0
0 0
0 0
0 0
0 0
0 0
0 0
0 0
0 0
0 0
0 0
461 29379
4257 173135
0 0
0 0
0 0
0 0
0 0
0 0
0 0
0 0
0 0
0 0
0 0
0 0
0 0
0 0
0 0
0 0
0 0
0 0
0 0
0 0
0 0
0 0
0 0
0 0
0 0
0 0
0 0
0 0
0 0
0 0
0 0
0 0
0 0
0 0
0 0
0 0
0 0
0 0
0 0
0 0
0 0
0 0
0 0
0 0
0 0
0 0
0 0
0 0
0 0
251 60
156 356
0 0
0 0
0 0
0 0
0 0
0 0
286 182
0 0
0 0
0 0
0 0
0 0
0 0
0 0
0 0
0 0
402 269
0 0
0 0
0 0
0 0
0 0
0 0
0 0
0 0
0 0
0 0
0 0
0 0
823 2977
0 0
0 0
0 0
0 0
0 0
0 0
0 0
0 0
7269 144230
12872 113659
8246 141333
2056 1275
2032 14543
5906 76027
10126 23252
0 0
0 0
6140 47547
21978 189261
16657 150494
40953 390626
22256 383379
21405 106901
70095 185280
18810 66196
12042 135740
14696 65862
0 0
0 0
1052 974
7959 15273
38214 171355
862 1636
983 540
335 2703
362 338
813 873
1645 1690
0 0
0 0
0 0
274 350
187 215
620 555
271 248
0 0
180 208
156 156
0 0
0 0
2112 671
568 555
0 0
0 0
233 261
0 0
135 104
0 0
143 143
0 0
0 0
0 0
0 0
0 0
0 0
0 0
0 0
119 119
704 589
0 0
143 143
0 0
631 527
0 0
0 0
0 0
548 508
3252 1402
2381 4464
548 496
1410 1123
743 743
1179 971
971 1079
202 202
586 482
1018 1018
0 0
5818 1984
1200 1004
726 754
0 0
150 150
0 0
0 0
52 104
156 156
0 0
0 0
52 104
0 0
0 0
0 0
0 0
0 0
0 0
0 0
0 0
0 0
143 143
0 0
0 0
0 0
0 0
0 0
0 0
0 0
143 91
0 0
0 0
0 0
0 0
0 0
0 0
0 0
119 119
381 249
0 0
143 91
0 0
429 273
150 98
0 0
0 0
143 91
548 352
509 365
652 404
914 574
1315 899
429 273
854 594
722 514
293 241
293 241
0 0
941 714
1080 820
450 346
443 287
0 0
150 98
0 0
0 0
0 0
0 0
0 0
0 0
0 0
0 0
0 0
0 0
0 0
0 0
0 0
0 0
0 0
143 91
0 0
0 0
323 208
0 0
0 0
0 0
0 0
0 0
0 0
0 0
0 0
669 280
219 104
0 0
271 156
0 0
1098 676
0 0
0 0
223 80
542 312
490 260
494 236
1036 548
1801 1240
1088 680
2381 1443
1084 728
622 447
983 867
0 0
0 0
0 0
2499 1467
466 208
0 0
285 187
0 0
143 91
0 0
0 0
0 0
0 0
0 0
0 0
0 0
0 0
0 0
0 0
0 0
0 0
0 0
0 0
219 104
0 0
0 0
0 0
0 0
0 0
0 0
0 0
0 0
0 0
0 0
0 0
0 0
0 0
0 0
0 0
0 0
0 0
0 0
0 0
0 0
0 0
0 0
0 0
0 0
0 0
0 0
271 156
0 0
0 0
0 0
0 0
0 0
0 0
0 0
0 0
0 0
271 156
0 0
0 0
0 0
0 0
0 0
0 0
0 0
0 0
0 0
60 0
2372 3973
0 0
60 0
0 0
0 0
0 0
60 0
0 0
0 0
0 0
0 0
261 896
0 0
0 0
0 0
407 416
201 979
0 0
0 0
202 887
242 141
0 0
0 0
0 0
0 0
0 0
0 0
0 0
0 0
0 0
0 0
0 0
0 0
0 0
196 1001
0 0
0 0
0 0
0 0
0 0
0 0
0 0
0 0
0 0
0 0
0 0
0 0
0 0
0 0
0 0
0 0
828 352
0 0
0 0
0 0
0 0
8466 7984
0 0
7062 1943
0 0
8604 6809
0 0
0 0
1053 1053
0 0
0 0
0 0
0 0
0 0
0 0
283 243
76 120
87 83
156 208
0 0
0 0
0 0
0 0
0 0
0 0
0 0
0 0
0 0
0 0
0 0
2409 22990
5920 85720
12064 22577
143 360
0 0
0 0
0 0
0 0
0 0
0 0
0 0
1969 497
0 0
0 0
0 0
0 0
0 0
0 0
0 0
0 0
1970 497
5881 24089
28165 159759
21993 41328
3312 1585
0 0
0 0
0 0
0 0
143 91
0 0
0 0
0 0
156 156
0 0
0 0
52 52
0 0
682 414
0 0
0 0
0 0
0 0
0 0
0 0
0 0
0 0
0 0
0 0
0 0
0 0
0 0
0 0
681 362
0 0
0 0
0 0
0 0
0 0
0 0
143 91
429 429
0 0
0 0
0 0
0 0
0 0
0 0
682 362
0 0
0 0
0 0
0 0
0 0
0 0
0 0
0 0
0 0
0 0
0 0
691 691
984 932
562 458
680 362
239 187
0 0
0 0
0 0
143 91
0 0
0 0
104 52
0 0
0 0
0 0
0 0
0 0
0 0
683 362
0 0
0 0
0 0
0 0
0 0
0 0
0 0
0 0
0 0
0 0
0 0
0 0
0 0
0 0
682 362
0 0
0 0
0 0
0 0
0 0
143 91
429 273
0 0
0 0
0 0
451 233
586 233
166 0
83 0
765 362
83 0
0 0
0 0
0 0
166 0
0 0
0 0
0 0
0 0
232 180
1239 1135
638 359
497 339
0 0
681 362
0 0
0 0
0 0
0 0
0 0
0 0
0 0
0 0
0 0
0 0
0 0
0 0
83 0
0 0
683 362
0 0
83 0
0 0
0 0
0 0
0 0
0 0
0 0
0 0
0 0
0 0
0 0
0 0
735 224
3240 144027
0 0
8480 13326
3982 9269
0 0
32137 1689779
8031 117316
18218 141635
11061 401578
52389 12808653
25026 8254246
1040 76625
25505 8653861
11282 201186
16421 97635
18475 294136
16499 177810
9182 141548
2154 1042
442 184
1188 921
1321 692
83 0
52 98
0 0
0 0
208 254
0 0
0 0
52 98
52 94
0 0
52 98
98 52
168 52
220 150
251 52
683 90
6808 167766
8121 21178
11461 153031
1095 735
278 52
0 0
191 98
0 0
191 94
52 98
0 0
0 0
52 98
139 0
0 0
52 98
0 0
0 0
220 98
168 104
422 349
202 196
0 0
537 326
4748 8759
3984 12667
5494 53863
4269 51598
3960 1681
381 229
367 293
120 0
0 0
374 300
442 494
202 202
637 579
0 0
172 104
490 296
228 52
60 0
363 150
0 0
4240 19785
8105 48494
1906 4144
1925 629
52 98
184 0
0 52
52 98
0 0
0 0
172 98
112 94
0 0
112 98
0 0
143 91
220 150
670 390
220 156
220 150
1877 1411
4220 15293
12650 94404
40199 656133
3054 21940
3698 1531
0 0
1070 518
270 192
4056 97783
462 571
135 98
3521 418005
1567 1770
254 177
271 287
285 150
442 384
0 0
336 52
680 1458
8952 22838
4795 44596
2499 1043
282 91
390 0
52 150
150 150
425 182
52 98
579 371
0 0
52 98
139 0
184 52
52 98
0 0
0 0
187 192
0 0
1112 1414
11657 167504
3762 4345
278 629
303 150
0 0
0 0
52 98
168 52
0 0
52 98
0 0
5033 14312
52 98
247 275
234 308
338 280
0 0
184 52
52 98
0 0
5287 20481
7709 49745
1613 195
1943 629
303 150
0 0
0 0
425 328
505 250
83 52
594 462
119 79
0 0
52 98
0 0
271 156
275 178
271 156
0 0
135 98
628 1308
9704 27191
6180 40172
2434 1045
220 146
471 210
156 356
0 0
52 98
324 156
0 0
52 98
0 0
0 0
52 98
0 0
0 0
52 98
0 0
390 338
104 192
7223 16398
9428 52548
446 601
2121 629
0 52
220 150
168 52
646 312
494 488
0 0
168 52
52 98
0 0
0 0
52 98
52 94
0 0
171 217
585 429
247 143
4986 15355
4825 29618
2958 13208
2247 779
202 202
0 0
220 150
352 104
119 79
52 98
0 0
220 94
52 150
0 0
0 0
52 98
0 0
0 0
52 98
195 195
5705 15069
8298 42135
1926 577
0 52
52 98
251 52
52 94
388 202
0 0
0 0
236 98
0 52
0 0
220 150
0 0
0 0
338 280
0 0
0 0
52 98
4418 14137
4073 13708
3345 29451
3014 1028
0 0
52 98
745 338
0 0
220 150
168 52
0 0
287 268
776 711
15634 148313
58835 16411490
16112 3168663
2808 7320
9158 13683
6362 140034
16931 386000
2058 3951
183 80
0 0
0 0
156 156
0 0
0 0
0 0
0 0
0 0
1966 502
0 0
0 0
0 0
0 0
0 0
0 0
0 0
0 0
0 0
0 0
0 0
0 0
0 0
0 0
0 0
0 0
0 0
0 0
0 0
271 156
0 0
0 0
0 0
0 0
0 0
0 0
11771 260906
4809 8872
143 91
143 143
685 351
143 143
0 0
0 0
0 0
0 0
0 0
0 0
0 0
271 104
0 0
572 520
2559 984
443 443
0 0
143 143
0 0
143 143
1459 1043
0 0
0 0
0 0
0 0
0 0
454 450
0 0
0 0
0 0
0 0
0 0
0 0
0 0
0 0
0 0
0 0
15115 87899
48017 365291
24615 152248
24710 31540
34517 167365
36730 329423
19019 82906
27795 1176643
14441 169824
11372 80697
10456 23181
1071 24963
0 0
0 0
335 415
0 0
0 0
156 156
4412 897
1036 662
369 286
0 0
226 91
143 91
0 0
0 0
83 0
11692 27497
6691 41638
4977 60718
0 0
0 0
232 385
0 0
369 182
330 306
47152 861747
15173 303049
19121 300677
12850 301931
11653 150671
37053 615862
11522 63834
17408 287151
32298 329752
15576 186703
21299 304591
3095 6407
0 0
988 6020
1781 53130
2725 17490
453 333
3236 26586
3757 42434
2279 2816
0 0
0 0
0 0
0 0
0 0
119 119
632 700
548 548
788 844
143 143
429 325
0 0
579 475
0 0
143 91
0 0
0 0
0 0
3932 66327
0 0
271 208
271 208
0 0
12198 80987
12080 65933
3596 67003
24863 59923
21378 470613
27018 248139
10465 356986
20448 309039
10054 36601
7115 23757
504 562
893 655
0 0
0 0
387 495
271 208
927 783
4605 1040
449 357
143 223
436 384
0 0
624 676
579 527
774 774
436 384
572 572
5122 491
10314 219575
16238 8421
15887 91641
7065 70135
13360 25945
25532 81260
11870 130645
0 80
0 0
1470 23421
13847 7679
2531 1254
1632 902
119 119
0 0
1056 1225
156 156
143 91
0 0
291 423
143 91
60 0
60 0
2159 3015
60 0
478 403
428 398
0 0
60 0
0 0
0 0
119 79
0 0
143 91
662 475
632 629
519 384
293 98
743 421
602 384
0 0
143 0
502 120
361 0
338 0
1232 1095
267 267
883 587
434 330
722 674
1095 819
450 286
83 0
1154 811
689 533
1086 722
644 436
884 572
0 0
0 0
450 286
202 150
390 286
195 143
2286 2727
390 390
223 120
0 0
988 846
361 195
518 351
0 0
0 0
323 104
0 0
0 0
0 0
0 0
0 0
0 0
0 0
0 0
0 0
195 143
247 143
0 0
0 0
0 0
561 468
119 79
374 312
195 143
390 338
247 143
644 436
0 0
1327 739
644 436
0 0
0 0
1538 576
323 156
560 236
375 355
729 260
0 0
1292 847
969 483
1629 624
903 376
1344 636
0 0
0 0
0 0
337 156
0 0
323 156
323 156
713 442
0 0
382 247
0 0
1274 858
959 2572
0 0
180 104
286 182
143 91
143 91
0 0
0 0
196 1187
0 0
0 0
0 0
0 0
0 0
271 208
271 208
0 0
0 0
0 0
0 0
183 80
0 0
271 104
542 312
271 208
827 520
0 0
490 260
827 520
0 0
0 0
0 0
0 0
0 0
0 0
0 0
0 0
259 827
2169 2633
0 0
0 0
0 0
0 0
0 0
0 0
0 0
0 0
0 0
0 0
0 0
542 208
271 156
0 0
1640 1040
998 618
0 0
0 0
542 364
271 104
0 0
271 156
216 1070
0 0
0 0
0 0
0 0
0 0
0 0
0 0
0 0
0 0
0 0
0 0
0 0
0 0
0 0
0 0
0 0
0 0
0 0
0 0
0 0
0 0
0 0
5711 6093
7482 162063
13265 107927
5730 156639
3869 15787
12460 142034
4488 4281
0 0
0 0
3596 13792
18601 83088
8037 102305
14374 142121
11820 154027
13111 25246
61539 115671
10838 37110
8677 12152
0 0
0 0
0 0
0 0
0 0
0 0
0 0
0 0
0 0
0 0
0 0
0 0
0 0
0 0
0 0
0 0
0 0
0 0
0 0
0 0
0 0
0 0
0 0
0 0
0 0
0 0
0 0
0 0
0 0
0 0
0 0
0 0
0 0
0 0
0 0
0 0
0 0
0 0
0 0
0 0
0 0
0 0
0 0
0 0
0 0
0 0
0 0
0 0
0 0
0 0
0 0
0 0
0 0
0 0
0 0
0 0
0 0
0 0
0 0
0 0
0 0
0 0
0 0
0 0
