2512 45179
3421 95158
3953 173687
5678 226177
5855 347390
5373 260513
3012 173961
1114 89201
2476 134130
2264 109022
2567 141251
2620 119393
3478 110496
2404 126569
2522 105628
2710 131940
2716 145550
7619 133495
5635 133100
8188 249719
7586 125663
5505 108715
6413 102496
5153 116876
6533 143888
6650 142137
10983 118590
4731 105274
4643 126933
6834 143417
4938 124930
4662 137892
4421 100788
4161 117664
4291 136123
4910 92965
3928 178161
3713 120473
4999 113364
5943 165238
9424 103063
6608 149118
8177 181093
8327 100970
5359 109393
6735 159145
4677 113392
7668 128191
4268 111660
5211 119357
6201 128552
4732 112895
4694 171169
4135 98779
4021 113450
4534 151371
3984 97999
4910 133950
4882 131956
3871 85447
4338 129245
6413 117083
5656 174420
5845 133894
10273 131152
4502 134213
4343 108702
7071 117011
5857 108341
3341 115506
5572 106462
5721 135942
4199 138047
4336 104815
3947 121428
3475 105925
3717 114958
4025 120163
4121 137449
3616 106643
4502 143360
3136 88464
4487 123840
4454 138348
6098 120128
5639 127247
11060 142568
6308 122871
7109 175854
5510 104584
5615 172061
5285 165653
4037 121343
4019 119576
2743 97821
4126 143877
2932 140712
3609 109671
4872 148868
3640 117800
3913 111481
4401 129061
2995 116132
4054 118407
3705 109878
5843 121705
7787 86167
7784 127392
4643 72392
4886 163336
4647 102873
6794 178867
5161 126682
3466 86736
7008 162281
3402 96764
4069 143619
4230 133366
4456 109137
3699 94606
4229 122162
5162 153127
4926 122175
3868 124044
4823 136116
4423 106369
5737 132272
5635 181974
9580 119163
6780 152765
7286 126922
7283 192362
4198 117832
6131 139673
5022 103840
8914 128537
4230 130423
7675 117898
4982 115541
5025 110360
5409 104733
5041 148153
3698 91680
5118 112216
5260 129509
5094 121495
6653 109747
10042 225317
4322 90706
5965 84479
5453 122761
5430 123994
9697 135799
4534 79091
5853 152696
6039 115182
3365 70643
5320 159814
7129 146571
5469 107922
5860 126364
5588 116400
4977 132253
3111 104912
6610 112111
6150 135429
4806 121651
7771 132933
6309 120594
4500 111212
7753 112236
7384 141428
6456 149006
8706 117884
5584 117995
7724 147375
6174 110418
7256 156211
4639 149450
7029 103065
5200 137582
4564 89967
6132 133194
6103 144977
3584 97553
6700 155340
5873 120259
4575 123017
3717 97631
3486 102118
4749 140970
6643 123731
7933 130991
6944 131671
8129 201663
6617 115664
3264 53528
6830 127703
6997 138831
5017 123103
7303 115919
5118 121567
6216 138040
6233 143059
5063 114607
3194 70932
5343 136235
5018 103017
3987 126889
4857 135023
5440 130178
4207 93861
7467 166826
5344 101863
6196 109665
5824 89560
8088 110305
5323 155638
7747 111740
6143 169442
5454 125136
7405 108149
6189 135305
6796 144548
6070 111254
4489 94101
5807 137645
7347 113510
4542 92566
6457 153369
6014 122123
4559 123039
5937 160757
5476 109110
7370 102621
5710 113059
9683 175534
6657 138800
6097 151611
5654 98391
7041 118359
5535 117532
8104 131015
5127 130920
5948 144914
6332 121748
7506 119288
4530 103828
6975 141054
6887 93001
4323 147198
5914 147276
5502 147049
5192 130939
6461 116675
6627 144096
5566 79760
7959 153624
5645 203093
4251 115273
8660 170073
8010 109793
7154 198799
8073 94936
5726 137732
4417 80844
7329 130620
3949 94368
3285 93882
5023 131394
5982 138130
4368 97364
4915 93937
3829 110617
5409 131989
4039 98821
10113 170132
7794 217542
7815 91139
7834 178283
4921 116890
6749 120633
4943 100731
3135 102493
10159 76451
7739 143756
5876 92534
7983 92880
4718 119103
5420 107160
4991 98982
5357 102360
6588 123666
4919 100064
3368 91865
4833 102462
6393 125724
5491 255936
7017 88214
6836 110424
5460 113975
5700 118033
5744 103693
4473 114401
4926 113495
6364 98894
5475 103104
9119 142986
7577 116034
4961 120359
4188 104260
6406 267586
5591 123155
4152 108435
7066 155697
7799 126115
5581 172613
4558 100429
5211 124418
8363 124519
6374 120129
6462 104569
8301 114157
2874 43247
5853 113285
4412 106015
11357 91185
4433 102625
6281 136501
7591 283071
5377 129624
4956 98886
5656 135542
4005 104684
4773 139632
5859 134018
3255 43762
4373 117218
5265 116324
4897 123769
7496 233226
6178 117844
7497 156568
7429 128853
5219 87253
4065 60602
5785 148010
9339 211155
5913 217877
6948 125879
8293 95612
5588 60402
9908 197842
5939 97997
8129 188200
6352 81081
6278 99119
5318 117672
6927 118588
4880 105622
5182 111691
9301 142471
7681 184605
6645 137352
6320 83199
9295 153056
7330 136219
5431 100539
5915 102813
5527 221822
6708 165146
5585 96710
4816 144941
6907 117445
4689 126134
4307 107825
4366 105264
6981 138760
4868 100009
2809 82501
5075 141256
5379 146571
7048 135563
6244 124366
9154 119437
9121 126094
9760 85694
4105 104954
2405 82154
4826 126211
8594 150224
5217 94921
5632 120669
4321 145553
12677 210669
4258 100871
4080 78859
7043 110872
5899 137380
5122 108500
5470 157969
4322 97278
4643 101701
4803 102747
4226 101228
11403 220059
5232 71616
10300 94938
6203 120163
4723 119603
21219 132240
4958 114059
5220 76017
7200 150596
2937 71046
6112 234955
7638 164843
2996 52010
6231 141665
7456 159914
2394 56671
4211 138765
6817 150827
9302 123916
4257 83455
6760 149224
6719 97832
6618 124656
8904 212984
6108 123575
5163 108405
8646 170674
5968 130594
5352 97229
5603 146314
6299 111567
11273 103743
4442 84129
5765 151265
5431 148968
3492 74443
6040 161876
4929 157515
4524 96747
4987 108085
3672 107368
7360 132246
8428 152833
6703 173188
8326 134010
4976 116964
4378 89277
8200 162072
4781 148726
5796 135015
7680 178146
6927 179604
6932 147996
3751 89753
5385 108837
3603 102888
8525 183191
4080 99746
5831 118228
5879 125837
3235 52564
5326 131433
7697 94510
6751 123091
4947 117673
5070 108338
4871 89731
5099 76669
6748 200853
8515 188444
4655 85473
5715 116403
8258 143327
9027 86943
9115 153295
7982 169825
5152 149949
3930 90413
5752 111175
5772 116971
6242 202697
3282 81208
3222 106323
7896 146089
6464 183405
3773 111446
9164 99798
10129 134088
4751 99665
5106 90960
7087 136860
6779 124860
7537 137659
6934 138498
6803 151332
4258 74659
6307 124817
6368 107484
6471 187577
5927 111467
3992 86641
6560 110783
3911 105889
6004 153216
5151 141912
5156 84960
6861 103958
6524 142469
4228 95134
4915 146488
5725 54650
5836 224454
6276 91728
8499 142415
6947 116670
4562 96891
6683 129504
6975 82837
5566 128386
5698 119987
5196 120728
6154 123885
7274 102047
4555 201106
5404 112739
4773 115817
6105 102609
10416 133846
6391 92974
5029 111659
6707 201270
8397 128842
5723 135011
5483 118928
6434 121213
7245 197946
5076 106703
6501 120289
5950 117646
4596 94880
5711 141368
10200 104418
4966 111145
4196 93675
6140 120738
5479 131019
5981 135137
6004 99846
12198 143910
16305 235770
6317 192852
4842 92451
5431 95520
4639 97784
5571 146864
5760 122213
5146 100339
5537 106358
4843 83435
6418 143551
7493 155713
5204 108099
6621 121073
5138 120364
6665 225939
3650 71636
3611 139141
6681 162026
6914 92949
6940 93516
9277 152616
7373 142043
6011 87495
5142 127128
4696 107815
6227 157226
7286 110910
6881 123257
5216 93395
7485 208944
4560 103137
7181 134316
6163 90983
5086 95903
6506 126273
4664 117134
3936 76032
3199 80424
6386 180139
4378 71561
6827 137994
8404 121296
7002 138475
5589 135966
7068 223546
4685 114809
5604 128546
4835 116580
5966 119750
7388 129835
4425 48464
6090 124250
6752 140778
4862 179737
7841 131308
2818 84159
6050 143146
2601 51547
5762 176471
6809 94684
4322 119741
3715 95525
6343 103546
7901 231023
3348 87333
5064 98093
6141 137320
2987 59867
5224 140156
4436 125018
7163 123580
5756 108740
6879 73406
7736 177078
8498 156118
7072 172459
5340 185351
5836 71918
4510 79738
8740 207525
4306 103917
5943 226490
2884 61523
8277 131829
5382 146364
4921 101285
4437 87913
5468 76067
10527 191151
6101 112633
4558 120031
4350 139253
6489 50589
7168 165808
6469 240294
5625 118330
6314 83343
4666 132298
7272 127420
5230 195761
3921 138572
8449 84860
3791 100770
3915 73591
9596 154821
4170 94358
5727 139168
5403 123483
4523 116032
1793 53129
7309 168094
5544 89864
2791 109569
5019 111793
3837 125010
5597 173485
3653 97796
6443 229342
4132 117784
6651 134084
5215 71823
5538 150148
3383 73764
5019 122335
4248 115006
10454 128021
5681 130358
6780 124832
4859 123535
6790 98985
3880 98806
3735 102095
6422 224759
5555 132528
5118 106122
3331 107069
7254 229427
3088 140175
6057 122784
1954 54665
6024 122957
7953 146294
4259 98246
7092 165128
4886 118949
4796 120681
3472 83688
3635 92349
6507 96127
5757 168163
4555 80238
5967 121395
4989 120262
4956 191262
5746 108734
4285 100297
4586 116657
3637 86696
3069 98480
6748 161100
3479 128133
6131 114347
3586 112103
5292 110860
7879 126908
2701 70390
7911 303914
4405 94055
5478 81499
10179 233412
4691 124199
7746 151179
3347 79293
5676 117229
2602 79223
5995 123460
4813 131213
5365 119050
2875 62706
4340 125426
6851 161133
4451 84118
5662 84514
3315 117872
3192 123519
12178 179217
6407 121241
3611 100834
4177 101969
6858 150025
4138 102818
6122 147234
5473 92997
14151 147930
5161 121459
2903 75020
6163 123054
6220 208239
2568 70518
4497 103890
4777 124612
4986 121738
7752 170008
4202 66518
3716 143135
6171 152589
7596 81978
7445 134557
11938 261067
5159 99622
5115 137373
9638 127093
8806 137483
6491 119053
3507 78422
6910 158611
7398 165184
3238 61714
6796 143373
5992 166248
2497 48142
6558 175240
5197 118889
5510 126698
5092 104049
5437 142237
6537 102397
3571 43851
2587 29772
6283 75274
15218 314664
3515 30385
3404 41077
4524 19597
1838 29041
2198 16132
2094 29167
905 29196
20436 78755
8641 18618
4831 168328
8149 145919
7711 151315
6387 199646
4172 87565
5473 112080
7740 91856
3833 75199
5919 161009
5320 123477
8526 126187
7127 118789
5473 117128
6072 123912
5026 91118
8390 153498
7186 166365
5373 99651
4799 132070
8402 140717
4915 95817
5803 120846
4413 90628
3387 81127
4712 129435
4705 102685
5620 107140
4628 125742
5310 150468
4966 69244
6689 199432
6014 98559
10749 116188
5083 80272
6336 119236
4912 123942
5310 118922
4682 78933
5032 117723
5097 140391
8686 143397
5029 89034
5022 74904
5809 148398
4836 125359
7419 118491
3027 51397
3441 75425
7466 177458
3379 71178
4925 75518
13785 201733
14331 200076
5815 84453
6472 129648
4839 90798
4739 103346
5772 168808
4486 112144
5748 100097
6577 180335
8235 133980
6129 65057
6719 114025
5566 133509
7321 140380
4744 175294
4757 89946
6855 166321
3785 73402
5664 172221
3980 76051
5412 120208
9304 113712
6251 135071
8144 77438
5618 191657
5211 99856
4536 130231
5832 160468
5075 83465
15602 158633
3037 55444
7611 129470
5717 110265
4770 216229
5322 60593
5719 153886
5993 67367
6440 136405
4506 120533
4920 104943
8331 127820
4408 113036
10040 188356
5488 119421
13928 122832
19149 132736
8070 122158
5455 98718
5560 115221
6600 124567
5504 86076
5794 205095
5248 131489
8669 144478
5358 129623
6061 123154
6371 123011
2752 71701
5465 130896
4461 142485
5618 163154
5110 164165
18893 99080
10228 65418
5988 92433
6822 164380
5214 141566
3818 57900
7266 211539
4524 101947
5570 143378
7291 113594
5003 118146
5397 61897
5558 147787
6749 105515
5268 108733
5685 183509
6060 151635
7925 152989
5127 93801
4041 104075
4823 121588
3963 72624
4905 100722
3995 116854
6595 227057
3833 115472
3765 104276
6040 75676
8946 178814
5582 82209
6123 135866
5538 131071
5149 137933
3478 139400
3836 124330
5816 196420
3885 69839
5160 130622
5394 107672
6342 87509
4545 72712
4020 122323
5754 132241
3690 90736
4822 197022
5874 171120
4354 114319
4053 106220
7599 102037
7060 120341
4390 108660
7253 161062
3659 88537
4181 113117
6706 220325
6217 151771
4478 79378
2775 37566
4621 123149
5447 115764
6683 202217
2931 62541
6054 98303
5356 133639
5339 247224
4087 72750
5741 126538
2980 78349
5590 112417
9392 128314
6594 117555
6478 135369
5129 63291
4511 157089
5426 237105
5476 143802
7401 64177
6657 104470
9756 127137
3578 70453
4561 131115
2978 48184
4498 124811
9213 132523
7631 182580
5623 117392
3842 78961
5293 107232
5919 149555
5316 124949
5485 108134
5226 104882
4155 132995
7018 184816
3156 72386
5759 149307
3565 80955
4252 99885
7959 139337
4776 92675
5594 148730
4804 93343
6441 212747
5323 134969
4400 99333
3374 58847
6586 170152
5014 100554
4165 87346
6443 148727
5895 113653
7367 202630
5873 100233
6025 79780
6154 125444
2836 66143
5924 148855
4410 146621
7520 147815
3952 92907
5671 163372
5554 104795
4498 105152
4733 110459
4153 83378
4386 126704
6275 157731
4242 88851
4289 117786
7122 202440
6546 112502
3814 114238
8439 131357
5972 77138
4849 154900
3958 95609
5101 101117
3923 148565
4219 90698
8564 133211
5758 101184
6496 141475
5570 159728
3657 93503
5812 81712
6423 167601
3876 125762
6258 128406
5760 170539
2835 72288
6343 126511
3409 75339
3813 100573
9511 135220
8373 254930
3538 61217
4491 80112
6906 113539
10485 207370
4926 77296
4792 41124
4948 121556
7804 244011
6948 104460
3780 109304
6154 83385
4876 140116
3268 66566
6795 183706
4317 94860
4818 181982
6694 137440
4272 104077
3390 103377
10917 102181
7348 131133
5640 166516
4926 94330
4076 193659
5398 149055
7198 173793
5889 98772
3496 80470
5434 117466
5109 80664
7041 126448
5157 76927
5030 192710
8891 154750
5831 180361
4440 105971
2956 61099
7124 149276
3651 74068
4847 113056
7289 91474
4676 166738
4962 115256
5422 119555
5261 173097
4001 104494
6131 141112
5035 94157
3825 98465
5560 160253
7871 110081
7949 163602
6386 89740
2976 67423
5890 124603
3868 129424
7243 223650
3049 73710
6719 179047
3750 83304
4037 100802
4992 108785
6421 201413
6377 171311
4969 118656
74447 150163
5064 125855
4562 71584
5773 120565
3032 67766
4491 77506
4288 77101
4308 258551
3083 115663
4442 85360
5306 153342
5816 132674
6945 107284
4776 125277
4667 94480
5793 136834
4302 172791
3864 133231
4583 97646
4936 140753
3185 75156
9368 73415
6901 145226
5828 75945
7078 132023
3935 89553
5830 267646
5750 117722
3190 75878
4634 112970
6355 104861
4651 126925
3254 98967
5976 108333
8236 114608
4898 154945
5360 159006
4534 84333
5934 162673
2625 32515
6329 168174
2769 73614
7444 168964
3097 58045
6188 159829
7370 206141
5583 106874
3120 57729
4707 108096
5133 117417
4513 116759
4483 146197
3683 86019
9991 197465
5875 102652
7630 208636
4082 91035
4312 98328
4936 107369
4407 138706
4130 53717
4728 149878
6438 151475
4513 72001
4630 159642
6610 178077
3898 57903
4582 112757
4072 79557
7038 178674
3418 130020
3189 70854
5619 131948
8041 105134
6136 162915
5456 111992
4623 107621
5333 159219
3878 66830
8299 156392
5777 98559
4987 103767
5065 129412
6067 163927
4037 64006
6666 178628
5962 67684
4540 170883
4566 87732
6161 170138
4811 84132
3595 112422
5272 212104
3063 58882
6709 148310
6196 90170
5219 170626
5863 108621
3371 54750
6124 149035
4476 88103
3919 145184
5841 137324
5730 138129
4939 140343
4448 82308
7017 132078
5300 120078
6400 57259
7676 246833
3940 101851
5430 115531
5498 153311
4323 84686
3489 57564
10167 177231
4143 137470
4488 106299
5935 185835
7812 124590
5205 105940
5507 126596
2653 64544
8099 177604
2477 60388
6356 119767
5371 207872
7787 148961
4201 75190
6177 165796
4793 110370
4135 98022
3641 66444
4326 81789
4174 153840
6597 198064
3873 94473
5869 119568
8070 207820
3812 127630
4860 82372
5978 134785
5657 135410
4694 173796
6050 93378
4306 138313
3939 73517
4671 93190
6138 98721
6465 114565
10361 196591
6283 188927
4895 107708
6683 117049
4456 85136
4208 91975
4280 85363
4076 107563
5031 106242
3877 83783
6563 256572
4686 108043
5232 107517
3565 91236
3812 106536
8811 163732
2364 47198
8104 127500
5569 151623
4575 133496
4919 129628
6872 185788
5928 115889
8657 160770
4956 99128
3484 59872
5099 138640
5466 180932
4879 133604
3024 80214
5847 115813
7330 88629
4048 103873
10228 128494
4352 129587
6163 115015
6504 210494
5927 131221
7833 157815
8104 159231
5381 79003
4302 103730
5960 72617
4271 145048
5434 138946
4857 131298
5188 98141
3874 94321
5195 125546
5244 76846
4096 101280
5692 135100
5000 147459
5128 125356
73831 180101
6122 167714
4009 95866
4296 71471
2107 70766
7313 163591
4672 136333
7270 125244
4438 97957
7169 200927
4534 127079
3477 64795
4018 94030
4093 98126
6020 184923
4622 86887
4112 95853
5068 143040
4895 175515
4210 89774
4749 109539
7496 113863
4857 96412
6581 179613
5702 106251
4618 132931
10031 129339
7001 159898
7047 152929
7348 126597
5947 79351
5660 118526
3725 121675
7003 147124
5028 94009
9590 99255
5501 139244
4943 172748
6802 134744
4187 85986
4496 166627
4105 98077
4976 92284
5315 130209
3784 98263
4659 108063
4793 176627
6140 152061
5900 93588
12267 151404
7931 117438
7185 113536
5300 100862
4989 79218
6273 134136
5827 200109
4416 77169
7718 162835
4949 102433
6154 127957
5078 94629
2541 69838
3495 90309
6840 159590
3807 145914
6173 114565
4656 133950
4759 137334
3167 78519
4995 114011
6208 113946
6504 125568
5644 76359
6326 217638
6184 173847
6077 119067
6276 102869
6930 142976
6593 110875
4986 89615
8230 105219
7281 170211
3952 158832
4427 110269
7492 130984
3846 112326
7456 100177
5658 83329
6707 163177
10017 99403
5377 110465
8345 217662
6037 119603
7498 78462
5608 127033
6817 97089
6289 153904
4714 105940
2774 65853
8884 126063
6799 116053
6690 179728
5092 119775
4552 90582
5104 127590
6514 136364
5282 128295
6688 116887
6830 132174
7092 120990
3806 124480
5907 121288
2803 46222
9892 133906
9782 176331
5981 139076
6451 135570
5143 119754
6748 164031
5515 145500
6389 101312
5675 106405
5713 124071
5276 103532
3203 94827
4988 127144
7184 138492
3507 77475
5831 180001
7621 124500
5757 121572
4983 127657
4956 153906
3147 70733
4680 84428
7723 185940
4436 105017
4405 90171
6198 172854
12598 150125
4329 100188
6726 106273
3707 84773
8445 207997
4259 105810
5407 168733
5509 123266
5329 148265
4144 47588
9746 147912
8828 118791
8482 156304
5813 145925
9537 113415
5457 138595
7269 188250
6489 81968
6049 214148
6743 162124
5836 122243
4045 84118
3106 81405
6528 130793
5035 104445
4165 92678
5187 106409
25844 274172
21824 314399
6109 173868
5380 347147
19100 155184
10018 165138
8228 152958
4902 70575
7729 110941
4934 119096
5163 100795
5269 97863
3655 107395
4039 67405
8233 147486
5615 176859
6395 158566
5044 71216
6261 164235
4804 79238
6178 116994
5418 132575
5076 98131
5558 122872
7048 166978
5733 104512
6588 122994
4283 90547
9010 184887
6436 140963
4195 99274
8774 201736
5683 98772
9449 88805
7950 181172
6255 148558
2995 63912
7358 130964
4419 89660
6079 173410
5109 99889
8702 186681
3917 79159
8832 151304
9017 178528
5597 54420
5741 120568
8070 188964
3820 62383
6575 173558
4037 59853
5199 128055
6880 94692
5260 125446
4171 138645
6286 146940
4140 88911
5758 89678
7067 154431
6950 116866
6797 185263
5420 146775
6357 118968
5056 125453
5722 112928
6042 133783
8365 166836
4762 92993
8353 87075
6017 111270
4756 124064
6679 206748
4731 105298
7163 143351
6537 100806
7015 177296
8309 133208
6485 117209
73095 98231
8438 146280
4784 84827
5715 117364
5277 130895
4567 102272
5244 196676
4643 97989
7215 130351
7808 164988
4630 95934
6159 77875
4279 101583
6821 127964
5440 147420
5829 111279
9255 135688
8470 109499
6072 128904
6184 105170
4916 78324
3905 116811
6748 143837
5824 134417
7919 135944
9001 186566
5009 82371
4716 108445
6521 159273
3449 53697
5215 132796
6906 174794
10905 148718
5204 83319
7892 157764
4470 79542
13466 85471
6389 124648
5658 199071
3868 86387
6378 131705
5659 121222
6912 142238
4408 80280
5271 114329
3971 140758
6258 137751
5846 129938
4246 125806
5573 114930
4571 110010
4655 114336
5325 116140
8144 144636
6475 122780
5708 207349
4750 61573
8739 143993
6096 131176
6886 172352
5039 106027
3946 62764
6906 110284
3625 116741
4493 100111
7926 83229
5389 202256
4666 77165
4758 95655
6994 183433
5026 101495
5846 133761
5935 186740
2711 56141
10100 102758
5246 108233
8246 202086
5689 97040
6933 187672
4145 70420
5384 143803
5031 159250
5332 111728
6798 91531
6862 117493
6076 116551
7201 180278
6088 116966
6425 109490
5337 169426
6189 93867
4090 61999
7615 213288
6012 135996
5098 63773
5121 80714
5714 120570
4024 73284
4169 101997
5509 212470
6368 177968
4724 110906
6618 147563
4309 68125
6719 147712
5355 92361
5339 91742
6585 136247
3625 95017
6741 153686
5929 129228
4269 138211
5348 120927
7087 165939
2412 52072
4834 91641
5295 112952
6063 190120
6396 158751
4714 76042
5803 116406
4516 100833
5441 135029
5279 157939
3273 67870
6274 121810
4196 82015
5354 182343
7016 142261
4865 94713
7121 103978
5648 89519
4592 121666
5084 104647
6012 188602
4120 132149
7135 167104
7593 188133
5636 82835
4713 40659
6696 83387
6010 135006
4884 95063
7195 183742
4853 68585
4859 134065
8159 187120
4767 143175
4566 85250
4725 112560
5568 97930
6918 124860
5228 99026
5078 96455
6520 167406
5876 107762
4126 97551
5278 171127
4694 80660
4929 124903
4801 64456
5727 152306
4512 142413
4843 111362
4015 80295
4835 98637
6774 132759
11388 133511
5282 210402
5170 97952
7222 145006
6158 154775
4157 56591
3636 65039
7076 146256
10048 104247
3890 83263
4844 100062
6448 185773
5578 195856
4368 104426
6195 93265
7259 88306
5593 130375
5913 146709
6125 124462
5473 113500
5100 128117
3759 61407
6476 225369
6008 75932
7901 170579
6419 106344
6362 111060
6350 134763
5314 115198
6813 152442
5286 87656
5234 116731
5312 126251
2544 71403
5063 116505
5761 166812
4516 100153
6520 138619
5526 133975
7356 109774
6297 118334
3744 82009
8230 182897
3307 101525
8048 175119
5380 97953
3887 64443
7705 162074
4463 107347
5125 164821
5160 100507
6509 152139
5817 94868
3774 93835
5774 170884
3804 99008
5344 73568
5751 125139
5213 138341
6110 79550
5156 200525
6245 168867
4706 101335
4337 90830
5070 142730
4061 117034
7345 151983
4556 97376
6474 113649
4862 113423
8529 186711
5856 126634
6176 88429
6282 118801
3679 87210
3504 89182
6932 224563
6950 120310
7729 120437
3070 61856
7180 153563
4882 103763
5501 85769
6202 202650
5560 51934
4359 93796
6137 123503
5402 117094
5458 133790
5665 185124
4822 142292
4963 120887
4327 116178
5915 98149
5611 93368
7186 176198
2957 36059
5684 125503
9713 179338
4645 105151
3792 129273
5078 167908
6937 140508
5893 110800
5300 108519
5641 105712
5508 96333
6142 148591
4723 102192
5058 128013
6844 197592
5135 108064
4975 108005
4141 105888
7820 151287
4797 63756
4515 95002
4248 82435
8554 117020
6785 139793
5407 118095
4461 85613
5916 262506
3824 54643
7627 197180
3189 116671
7134 86005
5671 135209
5298 106528
5231 83150
7319 175933
4716 155002
4355 107062
5421 133041
4841 138289
5798 116757
4386 92639
6402 139250
5977 78802
5931 131603
6535 138898
4526 71068
5865 208439
5102 152351
6693 111570
7245 124539
4877 132797
5215 99133
5063 95586
4834 84393
4542 125252
5981 150542
5275 115152
3864 62477
4832 72860
8050 231691
6518 135836
3851 71388
6643 114749
6397 180615
4713 53858
7188 130187
7924 161833
4823 79867
4318 103508
5669 139444
4273 90654
5752 230643
7551 113183
6329 156286
5387 69954
6640 144110
4516 82367
4194 104402
4366 134574
7713 234098
4467 94423
9444 190330
6732 149391
4710 133876
5245 101826
3503 64568
4237 84271
7261 142039
6853 101676
3738 99116
6168 136138
7225 198497
3958 89961
5937 115433
8204 144874
4003 46003
5262 121584
9900 238745
7345 143448
4718 82253
5556 126074
4497 86492
7875 150534
4386 75964
5688 105475
5263 115128
4861 146040
7014 104959
5695 127063
6772 174338
5636 126947
5437 83669
6223 125337
3072 48773
8429 173474
7527 147227
5529 112659
6427 106426
10197 185454
5689 122622
7223 96788
6893 140427
13537 186990
5354 69507
4834 88194
5191 147349
6849 117439
3929 68799
5514 118528
6326 144535
5489 102192
5679 105893
9376 85411
3193 71965
7098 254816
8797 162105
8771 127460
7943 160855
7180 155516
5630 38050
6695 115960
71760 73909
7509 170586
5207 160711
3607 50810
3946 68790
4742 127062
6063 150455
10970 264219
4633 79937
5112 90146
8676 137170
4965 161177
2842 60873
6954 174054
4754 98153
7763 103439
8521 131101
7258 189260
7397 95175
14828 141312
15433 117278
29737 148730
44543 93028
51810 58872
67273 173828
68030 87738
33364 125654
6696 85084
14820 253872
7890 113212
8327 118413
6678 102847
7276 83980
7440 190659
6906 150351
6792 109439
9398 158929
11110 138761
9011 153504
7580 89479
5278 70961
12358 157758
13908 77879
16928 48397
13759 143373
123131 111662
12373 241308
18478 110900
106004 161755
99124 171785
236602 91855
167056 104686
235176 102827
205179 107899
126041 59171
104309 227523
85353 134083
77918 109231
28999 140541
139133 105970
19814 86430
10188 87250
11037 148621
21346 138815
75413 140377
123905 180491
123762 110792
6683 107988
4954 106742
13308 118697
134321 91154
398715 128772
126508 109954
119920 162484
73724 183262
17431 88405
111165 107626
109563 128498
113768 93449
170144 123689
122956 97005
5937 143822
9134 150389
13615 199812
49638 101496
46172 82291
58371 133582
100419 81835
64176 133448
35203 150376
10043 55219
20065 188781
109973 212455
148107 113817
137372 76166
117672 95957
155515 167368
107853 84222
90944 182147
208862 139950
37167 116508
24568 211628
39878 61536
71269 82993
110049 61688
160792 112082
139760 148180
168648 71130
134426 191364
139297 146735
121067 212334
131331 60743
76995 96662
24629 90378
61563 100291
230375 98735
202093 118013
119419 143180
106456 126128
8397 235525
95211 156742
148187 93953
91147 124936
82566 102174
63699 75025
173453 131615
166401 128687
9389 137198
8172 80110
7638 147086
11736 219719
2991 55463
8300 111641
67230 95605
139301 132283
229679 190621
194075 170058
255130 72883
147598 165419
121359 178716
122790 71578
129062 85469
131145 54556
97500 106349
141061 207837
127904 178305
120403 99830
69888 184568
41476 67401
83171 78920
153311 77166
133962 165211
158095 147025
121640 120194
79641 183581
91969 109428
144767 190265
163998 114425
159302 106193
50468 75332
154093 107918
161279 126538
191353 156499
128398 74846
7183 72490
104499 188898
135017 92404
114165 124112
225347 159391
174189 133055
188602 81473
144137 223864
19312 89850
14293 63558
9421 148781
8638 121479
10742 131227
67780 77875
112952 117525
86097 183338
231743 149451
186980 96525
156839 59227
133736 222220
132455 94558
134571 158694
62934 91657
79423 129865
13953 142860
4261 105910
4673 109372
16603 197818
39907 107538
87202 64972
201766 142914
133817 110193
59034 125108
65808 184273
139594 89841
177013 163519
156594 128415
142054 72585
160458 154652
287589 64802
117705 118204
133477 131878
127466 58975
115335 140995
153383 147022
119976 181776
129548 176314
116889 68534
117960 92557
129956 113445
68326 135020
7807 106908
17377 240259
27403 112401
125199 164836
135423 118091
113614 66138
204249 89842
67291 153855
83606 89083
126258 69467
276988 106718
127050 192590
147292 139056
91519 154459
51186 82673
412733 209448
119091 93408
117852 117211
137287 112541
115216 121533
140716 159752
92695 72220
15998 129439
10501 166251
3180 52736
66681 186736
316270 86497
195510 137060
185503 135698
113270 107732
145766 155292
126440 259227
116316 108359
92154 92366
89344 97480
131274 83086
156527 143100
121387 143767
63014 148122
3160 95656
52053 97423
138209 270269
219154 90898
224680 137685
143855 68777
145949 133949
138297 117524
58745 59761
5214 61137
7360 162888
9813 239568
11873 166708
6982 110649
10018 61508
30134 153132
59278 79544
210635 87115
322683 130184
47389 138527
33308 132100
47423 161520
89821 54734
231979 86201
133625 159133
42056 57072
179775 117992
153815 101915
154220 254053
310994 161504
162325 67097
65293 159835
26117 114764
9167 76747
27825 79795
120624 115890
79219 161169
168685 166426
120855 181651
236427 43496
295511 132367
103087 90080
127561 109805
27757 106988
6480 59887
3894 126352
8528 158042
8474 229770
4620 122239
38008 162368
216415 87667
136887 125737
10757 78548
7778 78145
4876 143898
12808 87744
14329 130310
12877 111690
7800 123947
6874 168122
5444 125648
5565 117939
5243 137393
4215 91834
5360 54611
9051 199335
19511 87012
60977 75933
25353 178276
8850 130026
112036 213167
184675 87662
226132 128163
200639 99371
279923 122461
46797 153943
44454 114075
193153 160466
280587 183710
127000 57389
132161 164173
91802 101807
146904 86320
121843 106562
102648 198684
153816 95474
124666 48209
108756 106284
112548 242898
141921 98131
106950 63066
124301 85503
97499 129448
178878 110124
133357 199644
111001 140859
76473 77198
165390 225624
111989 195499
4056 37906
8271 58642
25790 110182
6068 149075
8086 199368
4973 94216
5109 56550
146643 152511
263070 69962
138901 222888
217352 88212
141014 60220
99613 156110
62232 239246
149325 80399
189484 75554
49811 184313
21206 92612
62436 82082
76225 211401
83164 76355
4461 115478
5780 78086
5867 177680
4489 110503
3585 78988
6932 201874
5045 65608
4306 71035
6086 143240
19505 133207
63972 163783
4401 72469
4367 166738
5715 121131
5591 153692
4702 91110
12921 179450
6183 80336
4423 92552
7929 168319
7690 187093
3326 58658
6172 175805
4543 133680
2898 67679
4929 107949
4398 63282
7066 132612
6890 186690
4840 175690
6531 113032
6195 170123
3893 56127
5813 214837
5302 121870
6353 127387
4880 92652
3114 60767
5487 148083
3356 57628
7494 80209
5983 63262
6125 216482
6748 188072
4487 74260
5193 125999
8745 103685
5705 105044
6902 140353
4307 70677
7142 152615
7870 152849
2891 116252
5014 88805
5626 187319
7616 124629
4672 117130
6084 112967
3986 87011
4666 112574
7358 214519
3108 67832
3902 133052
85972 234276
204206 60742
2219 23533
37994 191547
56495 81727
125297 66265
114135 185715
153026 99984
275955 151862
9346 201630
58877 122267
40289 115599
43999 134664
116771 52783
83845 84166
164541 178870
185034 88252
18614 80877
36326 124250
19221 285878
198211 102774
251842 110047
249816 101759
161188 87290
16369 158866
5383 161308
8913 78758
53934 113679
34001 60846
9106 236914
13539 156661
31394 97175
9770 97539
16044 91163
23513 96468
141459 106981
275365 142090
306998 99041
103782 184623
155338 117963
123811 144313
89702 91096
142751 94793
124000 87504
128874 168516
117526 102421
140356 122736
134817 191296
122926 91223
110622 207414
150928 141040
116028 64553
135589 101102
120471 81237
111755 114554
139206 130255
144277 164062
118076 156695
118790 147141
37462 143262
14073 153511
16917 102006
6578 80256
7554 69602
8764 165257
8071 168544
16323 125056
10342 172615
12568 80168
5580 77726
6970 149960
6195 146621
7162 93732
3833 111544
7462 212070
4086 87261
4284 85455
6073 174828
7355 76755
4543 82741
6520 143097
9702 107145
7425 193056
5585 120018
4624 163205
4403 81779
4978 128400
4909 106532
4122 111992
3875 59032
4083 110323
5477 168580
6600 223286
5286 50820
5767 113602
6572 164532
4672 85107
4972 124094
5014 109534
8162 138524
5329 162024
3991 73191
5219 110994
10415 176459
4995 49214
6510 126099
4834 112014
4063 83375
6852 206593
5653 131795
5373 118804
4256 148477
4381 135508
5078 94568
6167 85562
4094 87275
5874 154622
3642 55159
4635 124214
4560 131005
7929 154540
9300 222630
5125 79847
6089 74268
5809 143001
6252 99594
7997 72171
4762 119798
4170 138324
6756 178481
3984 88953
8899 162127
4400 131308
5133 115572
4310 100388
6544 99446
6375 121196
3953 130798
11135 115667
13882 141541
19989 142440
17156 114690
11726 146925
6481 116677
8798 53016
11281 165106
6574 115401
9696 187226
18187 219901
12283 51867
9962 78443
7556 126578
6565 98012
5165 94087
6486 122480
6190 158207
8850 239236
5899 198352
10472 135601
11525 74090
3687 86932
8885 122973
9585 81876
5488 66392
5347 99691
7652 113710
14624 188680
78921 250030
10398 99690
10988 56114
18785 190675
7830 83527
9062 70105
11299 88396
7207 54397
7391 228574
8456 117541
12707 129747
4735 100721
11611 170928
4463 92189
10550 142386
11013 88647
11687 88046
6088 179925
2860 62119
6556 194097
3966 49169
5775 190772
5874 69886
12581 67321
18559 136982
8015 230431
6033 171058
8555 173345
7127 68339
10232 166830
11685 112356
5678 57833
8095 257341
4556 38630
4244 103230
4395 111288
7478 100613
9923 100733
6409 161543
5284 124225
6357 151285
4090 104615
4271 61436
8547 235895
6048 171071
7977 70863
3521 52660
4625 130687
4371 104411
5876 171976
5264 116626
4156 122677
6863 66371
5198 182342
5769 168701
5069 56812
3064 122104
4458 91045
5726 73281
5764 208552
6155 112600
8037 141563
7565 162478
9698 129369
5227 126509
6051 164033
4661 70167
6339 142580
4633 135037
4773 133044
4806 110616
4106 145679
2961 43174
9930 149530
9778 113618
4329 59740
8968 198187
4174 56742
7188 219341
6042 92259
6351 146621
6314 173717
8450 181508
3880 75135
5036 100958
5869 113498
4453 56820
3797 98164
4116 88992
4463 98336
4643 99689
8557 232717
8984 263335
5612 123692
4284 80008
5122 87300
2407 57768
6403 90115
10507 75833
4397 104550
6265 167507
5506 150678
5532 174125
5555 184031
7661 126681
4864 81901
5073 87799
6793 93708
4752 127625
6235 208965
4955 117292
6391 76540
6915 197814
4240 72132
2929 38481
6281 191174
5104 161662
13166 117809
4857 151669
7877 180289
5676 91261
4735 75214
7456 159881
5470 163499
5246 65939
18337 108414
25801 93093
16405 142556
17632 143578
16867 158917
3387 78548
7183 41147
12647 88697
12408 222588
8062 52585
8808 116747
10911 209967
4654 122426
5485 102025
12598 75365
10644 100905
6102 81461
11465 156830
10588 132138
7004 153698
10100 43233
9728 160732
6789 116942
4739 114652
10132 147814
15238 111040
8761 79898
5031 123602
10174 167955
9554 127677
23185 159649
10102 86539
10569 126670
5570 108677
5454 94553
10549 182835
8128 84039
12148 148985
12483 194288
15880 139527
13628 123228
13276 117850
9715 83366
11327 173909
8619 105957
10629 176727
4898 107556
10928 267985
7375 67268
6472 96836
17401 99965
16103 72502
46469 232564
15875 86067
10800 72509
3761 36985
6681 147244
14048 273741
11048 150559
8665 111065
13347 84216
3236 64115
13322 124113
19595 100792
17984 119014
17195 127207
19361 63677
12225 224617
6750 209857
8874 79730
12241 102523
3769 106927
14238 211895
19808 147664
5343 59083
8762 117673
7438 72999
11249 165486
5934 80739
4114 110095
5672 238089
5352 101481
4627 108199
4374 94282
5890 127234
6015 141160
4789 101707
7361 180768
5229 74313
5029 173740
4987 135882
3990 116465
5516 160803
5750 83405
4008 106900
1505 55343
3909 113096
4505 89322
5977 178569
5915 65911
4804 87170
5959 127298
9182 146653
8058 136381
5180 107718
6726 145945
6366 122873
5109 117899
4963 144107
5116 108246
6194 151898
3552 61346
6721 152499
5084 103320
10984 111302
4303 80035
7668 200346
5165 156338
6625 175319
4358 78776
7507 82810
3463 39058
5426 110402
6459 166485
4801 117322
2779 46354
10264 208451
4078 71060
8048 259888
7596 133762
4386 75018
3779 60382
5471 119596
6538 172486
4495 98644
7680 134780
2608 58963
8099 130358
4504 172790
3333 126320
3987 102725
7677 78957
5503 141721
6557 125429
6469 195690
19106 163448
16295 72111
16973 87121
9779 176904
3965 74653
4856 76164
9608 171817
14982 110593
7131 90445
5037 122607
7667 81872
14871 92718
6291 145280
10366 278502
6121 112059
4342 80471
4743 79680
9227 171282
7634 97724
6187 79477
6423 90591
7247 205032
5962 101277
8155 138088
3798 74068
6123 109095
13135 157368
23407 171583
41098 85224
52986 113387
75393 78296
99580 118121
162882 163815
193818 85131
208870 79736
136152 148597
134665 210982
82785 75894
6795 247664
124158 97943
6273 132351
10815 112799
61743 109103
225374 157552
6437 129100
4051 47493
4685 105274
5515 110671
4877 102411
6466 102222
5836 162036
6308 207136
2777 66519
15058 114585
54958 280488
86267 134038
43080 43545
11741 127093
4944 82899
4296 50778
7141 215799
8085 170060
4120 108004
7085 139198
5658 114174
7817 71055
5508 77454
6633 187509
4751 35273
4348 81697
7870 179610
7870 218870
4287 101846
5332 123943
5593 174638
4341 87279
4916 90837
5816 125876
8272 88512
3971 72727
8248 187713
6410 164169
3542 73845
2240 27102
7000 91396
11773 237499
5401 142033
4701 70544
2606 50743
14735 105657
29277 208385
44097 157367
4984 137837
5990 108846
5673 109360
3719 59555
6974 239302
3670 68989
5032 117810
7968 152560
5452 93571
5481 162014
21128 89750
55718 85865
41179 160113
6544 74077
7355 182269
6409 131831
7337 185664
5494 121878
9123 100324
5972 115519
41877 162273
5881 125280
5700 80398
3933 74783
5062 130122
4634 109038
7219 279814
6162 139904
8244 76745
4678 70296
6255 147644
22728 123420
18903 33564
5512 94561
9084 173286
5941 165933
5856 165584
5642 150955
4069 97566
8377 120342
8717 196748
4187 78626
5617 39632
21752 127166
29607 155589
5224 101391
4852 138620
5835 143710
8267 139780
8196 134549
6658 190244
4893 100691
6166 150035
22030 115755
28680 162332
8348 105391
5261 92744
3915 77613
6361 105154
5490 135634
5265 75983
7430 171699
3494 116191
4958 136489
5540 123173
13122 128009
30019 120224
5018 142560
3951 70535
4772 119049
9371 182359
4499 104632
4370 89551
7192 156190
4330 111714
5623 202386
7830 84666
17086 117717
19576 113222
9326 83649
16866 86171
5408 87937
7774 200697
6706 85960
12384 218561
8324 239256
4411 98793
5400 99792
4381 119159
12631 70376
26960 152898
12344 123146
4738 112351
3993 72611
7151 188106
1460 41563
4865 118749
9230 109708
6645 224772
4250 44225
8167 136945
9249 179357
36401 140022
6691 138229
5701 97335
5301 79757
5986 127085
4949 111014
5178 136515
4483 100108
5545 162233
4108 66877
6661 102785
11197 189842
8088 125983
21555 152922
27381 100921
6120 155282
7908 146241
4207 89173
5681 118344
5763 104633
5644 159042
5273 109936
2008 21665
4346 97570
28915 205771
16549 166101
11227 73786
6344 114234
8481 83804
5332 126291
4150 136731
8113 206174
4029 63125
4451 124700
5928 160477
5184 121132
15148 58248
6862 106910
13279 116947
7392 196698
13231 67113
20415 99846
7177 148614
16769 202673
4772 104858
6132 139893
5116 91033
7511 86116
6828 110104
18826 109168
8249 150873
3966 96326
17237 156183
5668 137750
5999 136335
5007 88109
2921 77724
5934 140631
13513 165425
27573 166420
4498 133366
27159 157276
6313 87324
4820 123267
4783 97082
5024 196085
3579 83766
4873 112320
4856 89885
2488 25973
6501 104930
15039 155901
4205 40171
13430 117685
23394 231056
10737 118171
4472 136299
4866 197081
3044 71143
7375 128605
4696 166372
3397 86241
8852 104153
19922 51007
15036 122220
3373 118371
3496 56597
4301 69432
4965 166364
4221 186682
4256 126677
3080 91064
8144 145190
5994 263591
15976 132498
16014 133003
14967 78578
5057 147538
2191 70120
3753 162656
8740 197147
3618 67154
2853 129120
5656 193147
3530 111254
2193 55236
5045 205711
8919 82602
7073 108889
6372 91389
7208 142892
5178 58220
7834 139634
18160 131920
5161 76850
6853 242754
4792 129261
4335 121938
5697 227811
1831 67280
11827 112416
13696 89697
4913 84540
3932 99686
6015 191572
3286 79563
4136 142781
3805 155650
7989 131875
10831 101790
9504 102099
5896 151414
2817 63908
18423 152567
11192 155346
5752 195288
7138 128684
6225 99062
3795 108250
2953 113424
2849 123008
3749 92869
7646 214296
4785 82401
4537 146940
8843 163379
13238 132446
19447 104438
9709 95049
4923 97414
6102 177502
4989 211072
3569 82754
4301 70863
2153 70618
2462 63850
2990 102031
9284 105316
9612 110848
8322 102149
11408 118257
18902 116454
3296 52294
6193 90868
3368 118666
4756 113567
4138 149184
3748 154429
6256 307816
4408 244880
24335 190749
10785 65347
13119 104352
4548 147993
3496 129145
1408 38354
3987 186138
3850 102475
5723 126935
7048 108494
7844 135679
8262 177184
12419 144009
11922 59978
10676 82851
15334 94004
4506 97351
6414 230075
3887 153322
3618 95100
1765 58676
9517 156619
3992 95114
5662 215004
11653 149143
20566 83042
14619 104083
3711 93432
7113 189341
7402 136871
3515 67020
5653 102869
7718 72966
2342 66070
3951 94448
6507 133954
19091 296285
28923 252351
14142 149199
18380 134871
16183 252456
6725 102236
4834 135335
10231 147523
13097 131199
9499 134676
16845 189563
3605 24682
8637 56320
18794 187036
13730 104976
12600 45500
11963 125762
4925 149189
7620 129792
4038 80445
9390 245896
3918 97783
5505 185551
3796 98328
3119 107095
4846 58020
5829 44244
10744 141482
12230 112172
18958 193990
4483 69421
6928 88638
5587 200493
8521 75292
13307 82794
8321 141851
3046 105210
12060 131232
4801 165515
13119 168533
16909 274294
10806 121692
4673 186121
3711 97783
5374 110940
8009 94477
4364 177011
2280 56457
2929 83190
6641 179592
16089 145482
19485 76423
6025 160428
3284 131092
6004 120814
3824 123529
16211 185335
2049 46697
7306 87818
4637 98416
4117 71530
4646 59685
19100 239275
19606 98041
9520 94031
4503 81146
3352 129733
5451 141668
4219 136379
4008 164963
5646 237731
3542 103876
2341 67837
5096 110697
4006 170395
12891 178388
10609 117941
21187 210935
6637 115881
6663 175236
4611 74104
1658 30239
4414 128538
5246 73292
3926 112834
5380 169995
5030 134947
3960 98420
5656 184893
3398 144340
4222 41963
11118 127803
9865 88760
13696 108869
10486 149446
2931 83963
3049 111799
3702 97832
3889 117672
3205 108275
4866 122797
3267 80713
17898 115974
22104 74151
9682 174465
13992 138869
9686 112830
8105 158047
7107 362123
10329 186963
8669 111439
7712 77380
9990 85656
27272 163242
9024 77412
3463 61543
3689 201441
2333 53849
2891 91260
2632 63853
3246 105721
5159 74701
3288 125346
6706 214989
3990 88272
15429 69235
10897 64722
9749 48751
12528 170591
4190 162453
5424 220449
2807 110479
4506 168982
4998 142915
4332 165005
23389 140230
14527 80087
5942 76032
3621 106722
3264 114616
3943 88464
2339 60864
6786 227121
5051 158771
1956 56489
3740 148888
4590 107819
4154 141655
4321 92089
9600 101841
10470 220796
12074 165715
14929 125982
14435 115671
7161 152343
3396 100292
4089 156247
6018 128446
2392 59470
2995 121279
16204 98148
6787 83850
1563 85073
6963 146307
3670 108967
8060 207595
6792 225805
9440 136201
10484 106079
9446 65737
7740 196089
22803 206561
3852 78894
4520 138259
4608 174669
2242 21201
4467 145682
3256 132874
3770 81568
2941 96726
3830 147728
4582 153568
11876 128006
12289 101416
12923 153001
15748 102287
8724 137481
4237 106021
2696 53694
2682 36240
3651 63358
2578 45171
10739 260786
18092 129957
22446 99778
6188 131852
5061 127135
4831 141924
6329 184352
6246 222284
3385 125672
2737 62332
4813 142984
10970 131558
9328 60000
18818 45650
8933 125419
7846 160483
2485 32076
5272 220038
4273 184734
4107 147172
4892 201975
5376 149722
10862 98116
11216 77164
14677 143398
18639 134505
5227 138090
5721 146082
5285 139938
3146 122245
3066 107518
3287 67678
3584 127896
13311 113929
18017 159839
17605 149975
4927 136912
3230 89786
4132 119074
4977 138563
3142 74964
4735 147159
4834 152900
10654 141505
21292 66443
12988 84268
3763 99272
3680 59107
3085 97512
4713 144853
6386 221484
5499 195616
3131 138238
2919 77729
5359 72181
15848 130768
16788 154989
9566 67099
7629 149758
3172 103290
3391 120254
4831 114839
4965 159986
5223 235929
3484 70468
5944 98047
26303 148864
14072 149072
3453 64785
3631 106072
4549 147626
3209 69715
3302 92926
4517 135396
5996 180451
5716 172884
6560 175264
3119 116330
3965 153365
4179 28748
7054 97061
7790 116209
15158 88277
18826 66028
3601 61362
3093 71682
2938 86875
3730 105381
5254 168636
4497 199803
9293 165589
7665 124305
9560 109361
14018 411075
4674 47470
4788 90512
4303 68006
16529 229583
29328 121413
5449 71063
4681 144985
11551 164319
11318 86135
4490 107728
4192 83940
4637 111850
3764 84752
4020 107563
4500 130404
15815 104265
13402 200822
5071 210255
7731 114536
12137 107624
7979 46681
5890 29287
4689 106953
3110 129095
5272 103143
2578 29854
3301 76402
4932 145373
6136 322182
4742 221954
10769 148325
6345 108540
11432 80466
18173 106146
8737 79093
4058 91313
2293 81784
3810 77463
3673 95747
4397 194041
7848 93315
8591 142286
3476 87438
4757 108069
3279 145288
5073 147381
3213 64325
4495 111116
9060 112629
12771 129928
11514 212192
9979 139890
13667 191745
7054 134563
3485 103204
3620 105614
3331 99336
4263 135834
5569 100534
6415 64470
9723 145919
15394 223171
15487 141719
9214 135328
15028 106383
4172 100124
3435 130734
5038 127097
4484 87045
10588 102380
11803 89162
6147 119614
6688 216675
9703 134666
10705 82912
8771 109305
8432 132116
5883 188529
3468 110879
3839 100225
3649 105481
5947 154124
13334 117721
7383 56270
7413 190038
9924 97436
13578 143803
12184 157746
3258 108731
3780 138433
5265 162409
1985 64673
6601 132149
15026 117785
8024 144783
8348 111162
6243 113560
4727 105250
4940 105798
3030 102566
4610 149463
6864 204778
4034 117575
5345 88977
2925 63531
5581 162007
14327 137665
18632 78103
10934 135401
5272 165314
2642 58629
3687 79858
5625 197238
6091 100197
9238 96252
19031 136883
18949 147952
3314 54407
4876 169604
10080 239035
3520 120619
4109 68741
4096 115182
4343 108767
2679 58477
3096 93292
8079 184746
4893 68879
4868 120940
5644 102283
5020 179712
3653 53392
5390 185351
6228 106844
4045 105760
2942 129685
5078 94809
4215 127718
3851 129346
6792 151194
4345 102066
4887 95467
2692 99882
3954 118910
4519 194024
3175 139778
5201 125025
5697 194135
4363 149829
4569 75255
7006 87111
3253 118949
3405 99470
1403 47109
4579 142429
5835 101877
3694 113672
3952 88160
4559 144218
3950 170346
3802 126177
4253 155279
4638 218856
5308 201601
3818 148115
3332 96983
3544 132964
2125 28188
5275 225534
2522 80598
5986 106580
3456 58661
2403 50778
2823 43192
5620 283475
4846 152660
4552 133619
3389 111182
4182 107797
7129 202402
5464 166742
6784 149626
4419 63576
8206 141302
5971 96251
5398 105505
4447 103464
3288 49740
4062 56745
4391 147304
2595 69650
3508 65402
5081 100688
5902 237363
4528 66864
3961 99646
3310 78350
2854 96042
3654 100360
4334 158302
4086 182316
3247 108414
6106 228390
5100 183097
4308 120976
4536 149267
5139 172996
3170 100353
1219 25750
4648 173828
1377 32056
4644 183909
4254 49244
3726 59586
5775 220811
5050 134243
4014 158492
4842 206529
2810 101611
4417 154972
3010 118902
3753 116909
2717 70174
5538 184800
3877 97036
5215 130289
3272 56151
3117 108341
5336 251208
2302 43950
3895 169026
3778 176448
3869 128394
6579 168834
4159 95943
5123 119281
4362 84122
3116 137845
5907 212756
8388 184633
2982 87248
3416 85002
4166 139500
3318 129851
2199 26199
3499 118616
5836 129362
3496 100745
3991 176288
4360 119793
2764 96689
2895 124352
2879 95702
4383 124763
7818 225890
4662 131647
2810 26029
5463 87165
3274 79021
4646 145002
10316 179048
5077 184967
4428 62489
6831 231008
2528 89027
3587 111875
3969 148867
3856 85284
3507 63474
3554 113236
4959 170596
4689 160006
4734 94326
3210 78394
5456 227112
6562 88082
3851 95859
3019 64851
4452 132431
3340 132655
3177 82542
4190 174539
3305 106366
3513 113672
3526 89421
3631 90664
4822 85598
5955 165395
7299 82233
3173 90084
1723 36803
2834 66404
4494 207752
11553 330324
5887 98079
8341 137157
6996 135266
6017 140192
3309 65579
2739 118978
1986 77617
4985 194244
4106 92811
3151 119962
3058 131898
3326 135299
2845 106532
3553 112767
3517 135969
5784 154756
3597 85713
2932 114980
5822 119898
3291 116879
3962 155889
4664 96213
8527 154822
8394 127064
5238 160562
5375 163275
2468 77637
4392 130143
3306 135828
2870 96442
4059 146925
4249 107854
3489 124396
3935 117315
4464 89437
4445 148942
5654 116948
4237 108493
2879 115319
2792 4898
3442 44513
5964 225359
5748 198855
9006 121257
10077 127768
7460 129208
6420 119744
5070 104089
5806 131494
4091 131237
3897 119008
5109 100633
5333 147728
3475 146334
4726 104874
3598 132446
3075 114754
4637 90871
3764 114279
4813 177670
6218 138422
3555 149298
5017 106702
3846 130261
4388 74819
9614 172938
5239 97874
4998 172629
2204 15775
4920 172704
2772 123046
2430 58948
3761 165449
3896 126514
3459 120229
3717 115670
2912 101150
2744 114429
4425 116618
6317 163373
3597 97676
3245 26828
4149 150172
3702 107014
3419 148922
4998 133536
7402 219401
5175 77850
4591 158688
3641 81525
6583 249895
3160 89120
4215 135974
2882 93213
2904 98736
3882 120877
5290 190266
2508 102953
4080 134243
5486 94383
5234 133137
4003 101061
5865 140909
5078 124573
3324 108997
3843 113612
6070 131420
4874 118552
11019 115810
4283 105630
6219 95103
4467 103181
5937 143246
3686 110465
5164 124324
4117 106216
3731 92367
5442 109628
3762 111660
5106 144966
7798 171340
5076 148766
4192 115627
5972 120201
5359 137172
4453 136261
4867 129038
6725 141808
3496 107732
6112 131355
3709 94584
5568 105519
7568 151394
8492 124325
3566 105834
4242 111682
3992 104450
2734 127596
4458 96456
3457 122084
4396 110318
7012 111185
4938 129274
4154 135872
9779 176041
32422 86240
118273 124716
15146 139745
111314 128191
48262 128825
16024 118290
4196 124042
44756 120889
75581 106014
4339 100365
3140 91242
5423 163466
4383 117607
3673 106519
5122 128683
5512 147050
3642 124837
5326 120490
34646 135346
4980 116980
56888 143892
4927 98830
6238 127691
4017 103425
5746 136121
5827 110569
7535 109184
21697 130896
5539 135383
26756 125974
4787 84969
3398 124121
5109 93099
4523 142070
3953 117740
12932 83635
12716 145605
3339 108152
5940 129977
4565 139941
7753 142350
5831 105466
7160 120327
4041 95128
19561 101207
6917 122386
6523 122545
7182 123678
6038 160425
4325 163283
4322 113591
5992 133167
4561 127070
21247 146331
3290 93751
3330 126804
6252 134786
5359 90003
3164 126617
4344 85511
4323 144767
3209 110635
10787 112838
17592 174821
4757 111419
4916 137819
7223 103299
4063 132981
8975 114290
4526 123411
3683 122508
7106 146445
25577 136306
16396 90671
3700 108751
4958 162825
3426 98623
5560 138139
6359 85940
4956 142541
5471 125221
2804 70179
39393 123536
5608 154869
7544 145580
11416 139552
3432 110230
10616 109360
3609 120263
7801 134674
5590 124388
40347 147839
5006 98990
5483 108791
5503 132904
4272 95723
5256 143220
4549 102018
10041 142150
5164 122459
39953 131663
6703 79670
5627 148479
3146 91058
6398 168977
5297 90948
5645 128204
4870 102245
6766 114654
42690 157354
6490 143645
4824 117841
4341 139503
4332 99933
8211 147084
3102 65809
5292 132356
5834 112551
16755 115572
29548 178563
7807 123327
4407 121591
8404 129418
5606 122145
4272 135499
5917 115099
3520 91639
1977 62792
6344 204570
31745 114005
7314 178402
31974 117130
4966 125655
5085 109683
4635 130810
5345 121674
16845 140307
4828 98501
40908 191401
3541 91698
3990 102139
7368 165456
4835 170532
4637 91131
4394 122433
3177 61015
4858 118426
6187 178571
8587 134885
24722 67404
6761 150109
20424 27650
11295 210241
5300 124466
5551 205054
5684 122304
4497 106664
5475 109340
5404 153033
31267 123659
16056 159749
8966 110158
7551 149819
3935 151793
8370 102004
5041 164371
4211 97099
4465 107041
5752 84350
4221 102833
4127 129931
11375 190413
9640 119963
42022 97285
6542 149667
6991 185858
3511 59392
4048 133654
4165 154577
4884 85306
11562 126666
40667 137438
5855 137186
3593 121636
2828 89389
6324 144058
4258 103492
4092 103811
29341 161721
23106 88414
4600 170673
3598 113428
4562 118977
5427 194050
5530 121437
5075 161478
4522 93205
4719 113503
36487 151785
2636 83108
15937 150638
3744 130753
4500 125367
4809 110763
4240 139714
3486 102921
5962 128299
37289 125353
7682 99909
6622 122088
6198 132765
3675 110726
4736 113939
5441 150687
2989 88123
13121 147348
37823 97637
12720 164630
7545 125233
13782 180465
