16140 60179
1859 52948
1618 51336
1811 48828
1883 59628
1614 48112
1766 56864
1587 45196
1874 44868
1771 49960
5338 56332
1989 52149
6628 46620
1822 44152
1830 48864
2213 35505
1634 65702
1751 54244
1706 51872
1762 59668
2139 57964
1562 63600
1514 56380
1816 54880
4116 63444
7825 66706
6157 59248
5366 57220
5668 58772
5469 50460
5572 79640
4844 58192
14837 57236
11525 56179
1931 56856
1834 53964
1806 47588
1719 49712
1774 50904
1690 42360
1999 49044
1706 49448
1451 49056
1911 52168
1750 44736
6868 59265
2607 55404
1747 49232
7028 59568
2581 49792
6306 58844
5166 43020
2031 54740
1774 53936
1818 48840
1728 42078
1975 48741
2046 50704
1627 42060
1710 46532
1731 46104
1890 47208
1522 55732
2208 46868
4291 47026
1891 59488
1842 55720
1538 42608
5291 89432
7328 101537
7033 90716
1887 88288
8107 104422
1919 77860
4705 61952
17451 95287
3577 67793
1758 78088
1927 49104
1566 47100
1334 38484
5410 52400
1534 52944
2562 52545
2102 46840
1971 55901
1883 49668
1890 45620
1743 41300
1762 42320
3788 45572
5606 51289
2596 41772
1747 43480
1970 41660
1956 43986
2191 42645
1610 37640
4012 48520
2173 38417
1658 37448
2171 42952
1642 42152
1939 44712
1583 41332
32719 44967
1659 40920
1706 44876
1586 40984
1411 43184
2027 39708
1847 44204
1766 41164
1158 37324
1623 47676
1806 43588
1522 37548
1991 41912
5660 51801
1815 39972
1754 41444
1486 39632
1723 41232
1791 42796
1723 41300
1774 44908
1922 41832
1847 44012
1634 40784
1658 43652
1924 41360
1414 43024
2059 41612
1880 41164
1790 41080
2164 43962
1599 38009
1894 43692
1543 36956
1742 37808
1719 40492
1574 40384
1786 44352
1672 40760
1862 40524
2200 42661
1582 43160
1802 41840
1603 43628
1666 41436
1815 43492
1827 41156
1930 43536
1791 41612
1738 43172
1690 40488
1659 40136
1802 40988
1898 43844
1631 40640
1870 43856
1739 40968
1890 44016
1555 40964
2019 44348
1774 40576
1647 44460
1918 41720
1590 44276
1871 41600
1863 43788
1790 41620
1963 37540
1682 47476
1975 44008
1783 38042
1647 44367
2143 42128
1590 44872
1858 43064
1843 41380
1590 44436
2003 42136
1571 44400
1810 41712
1891 43056
1634 44612
1883 41236
1374 44324
1774 41204
1992 43152
1554 41148
1882 43572
1731 41472
1814 43424
1883 42328
1702 41028
1830 43672
1659 38360
1494 44184
1902 41492
1631 43612
1774 41828
1832 44840
1826 41460
2239 44149
1703 41540
1678 44288
1483 38616
1998 44400
2015 41636
1879 44516
1558 41532
1770 43972
1919 41828
1723 44278
1792 41862
1830 44460
1770 44428
1979 41284
1734 44900
1774 41576
2019 44420
2473 42114
1679 40252
1822 40832
1662 44160
1991 41068
1458 40640
1867 42184
1955 41248
1770 44308
1943 42420
1710 44852
1582 41408
1867 41672
1818 43768
1971 41336
1614 43380
1450 42232
1843 43428
1394 41260
1546 37912
1716 48128
1630 44012
2139 40788
1570 44084
1738 41284
1903 46872
1762 38580
1775 44376
1819 40712
1834 41576
1819 44196
1574 44788
2019 41426
2148 45038
1774 41724
1867 43804
1506 47804
1842 38272
1871 40784
1902 43336
1867 40700
1847 41180
2559 43561
1587 40688
1722 40868
1514 34680
2039 50628
1659 36944
1911 37428
1922 47252
1374 37420
1771 47880
1826 47356
1466 38224
2039 48068
1530 37688
2011 44072
1726 40832
1682 42872
1943 42116
1859 44932
1666 42824
1831 40936
1750 44792
1951 40688
1750 42124
1758 43624
2232 43012
1454 42172
1943 42164
1614 46384
1730 39672
2168 42594
1988 47243
1822 41440
6073 44745
1714 48088
2051 41784
1574 43356
1774 43308
1908 40972
1730 38476
1698 41288
1775 47216
2357 39601
11200 66666
1638 41936
1847 44308
1759 38724
1982 47564
1699 40704
1626 43268
1646 42600
1979 43692
1722 38016
1918 47448
1747 41976
1738 38220
1771 44892
1894 40980
1739 47708
1779 44140
2379 41745
1714 40864
1963 41656
1498 44712
1871 41076
2063 43076
1454 41524
2015 44188
1486 40828
1883 44872
2063 40814
2647 40862
11226 55582
1758 41232
1642 44024
2011 41296
1898 44068
2195 40740
1619 37576
1466 44584
1991 41436
1918 44928
1646 41140
2067 43480
1802 40140
2008 43328
1582 41104
1678 43852
1851 41912
1494 43744
1870 44588
1951 41708
1630 44088
1919 41408
1370 41052
1786 41576
1739 43676
1782 43868
1771 37560
1486 37796
1914 40008
1851 41528
1702 44112
1558 41312
1543 43132
1879 41652
1555 34344
1786 43200
1726 50672
1831 41420
1871 43854
2128 41553
1751 37292
1810 42964
1731 39872
1742 39924
1622 41592
1795 40692
1862 41600
1711 36636
2319 44377
1682 41832
1879 43764
1694 41120
1654 44616
2100 41356
1502 44224
1655 42300
1882 43944
1502 42236
1883 44136
1722 41532
1879 44464
2010 42528
1298 37216
1711 41440
1302 44032
1346 40236
2227 42661
1662 44144
1735 41444
1874 43272
1682 41736
2071 44440
1662 41676
1795 44468
1799 41776
1582 45164
1863 41832
1494 44664
1999 40690
2220 45305
1730 41976
1622 41308
1771 41936
1890 44088
1691 40392
1682 41284
1686 44764
1651 38332
1666 40700
2209 45884
1747 44156
1922 42296
1951 44548
1787 42300
1554 44568
1775 41616
9653 42333
1723 43528
1957 46173
1710 41500
1907 44308
1802 42196
1666 41884
1791 41020
1770 37776
1779 40776
1490 41528
1818 44272
2624 42185
1630 43180
1782 41972
1879 44208
1886 42224
2220 44564
1662 42068
1598 44632
1795 42048
1570 43988
2188 42318
2060 45550
1254 40852
2103 38948
1850 41812
1682 41144
1651 38368
1614 44324
2091 41328
1662 44820
12866 42677
1887 44768
1458 41812
1694 44668
2414 43265
1835 44532
1735 42748
1810 43888
1794 42236
1807 44592
1894 42028
1699 45036
1454 38456
5996 52622
1927 38560
1874 44484
1566 42128
1611 40460
1846 41856
1859 43852
1646 42280
1786 45352
1851 41576
1626 44516
1938 42136
2188 44956
1558 42152
1731 44804
1894 41952
1590 43780
1944 42066
1936 45049
1579 39176
1982 44388
9429 41585
1871 41368
1414 38516
1730 45512
3793 45133
1690 43856
2451 41473
1919 47172
2990 45773
3859 47032
1714 40964
1819 42784
1823 41340
1506 43216
1947 43424
3368 47004
7356 51425
3868 41944
2906 47304
2567 45780
1743 55160
5461 64648
1706 53428
1755 64844
2688 113510
1574 101220
2295 100860
3582 71820
5535 76753
5919 78516
1794 74352
1835 79932
1931 88604
1574 92584
29082 98611
1775 84944
1891 68078
2036 57538
1650 60136
1914 64516
1779 57228
1822 60040
1714 58668
1839 67100
6335 75596
3057 83740
2430 80461
5910 87744
3025 88888
1910 88820
1719 86896
1903 84296
1663 77972
1738 106004
1914 99772
1887 93864
1954 91216
1731 99600
1662 93740
1834 96020
1963 96216
1698 81208
1366 90512
1907 83404
2174 94981
1687 82936
2539 82641
1546 83376
1891 86080
1714 91092
3885 90524
4478 91592
2221 73973
1879 74288
1754 75600
1754 62588
23051 57131
1739 69362
1414 60076
2043 65940
1850 65344
1711 70956
1982 72848
3119 77284
2425 64697
1758 68448
1943 67868
1794 72048
1694 73972
1807 72924
1818 77420
1916 80492
1734 89952
1710 82252
2127 78312
1638 72664
1846 59520
1839 66624
2141 71113
1879 68556
1678 61788
1762 60852
1875 69376
1646 77492
2131 90760
1514 95992
1842 92916
1983 108572
1798 100288
1858 119812
1683 108384
2107 124212
1999 90480
1458 109840
16331 101377
1839 97932
1963 97398
1979 103304
1751 104532
1718 98924
1795 76912
1862 95196
1730 89728
1891 91172
1862 97684
1887 94504
2547 97121
1542 94340
1695 72164
1822 82872
1742 85520
2004 67296
1710 86152
1799 67580
1830 81068
1730 53216
2027 60000
1750 65028
1734 61260
1871 60080
1750 80716
1855 71640
1946 79760
1650 87644
2059 65648
1714 60916
1999 59560
1758 62972
2010 73248
2083 78916
1850 81016
1915 94440
2776 102872
2772 80364
3135 114829
2261 99076
3478 78134
2016 44458
1610 38756
6782 52528
6086 59293
3696 50608
1542 44760
1914 60996
1711 55472
1610 60916
1459 61672
1710 58880
1862 79228
1567 74076
1814 78944
1940 78696
1546 76700
2958 93824
5672 91713
2498 76188
1887 94796
1530 70696
1899 93872
1470 65344
1670 79864
2055 77272
1622 73760
1618 65680
22706 74953
1710 70528
2432 73333
1878 71392
5021 72930
1731 73048
2181 63688
2639 64408
2262 62589
1734 56752
2058 53372
2442 45536
2546 61217
3676 50752
1670 48316
1710 61432
1859 56988
1558 58404
1867 58064
1942 54532
1682 47332
1859 49292
1590 50768
1650 58992
1715 70376
1670 59256
2410 82213
1907 79536
1754 92132
1963 91088
1870 82128
1963 59240
1810 51208
3433 67544
3348 69393
2772 55480
2640 60148
2613 55252
29587 49977
2811 56428
2534 59132
2275 61292
5334 70652
3162 57460
2753 62937
2198 54688
2131 56576
2567 51372
2258 46512
2483 47172
2430 44252
2079 43096
2323 44622
2671 46557
1887 46412
2354 57748
2006 47568
1999 53116
2282 51184
2375 56744
2724 61048
2772 60172
3606 64273
2130 66028
2523 66784
2246 63820
2294 66760
2552 63856
2302 65764
2182 64420
2435 64880
2502 60876
2315 64204
2154 61612
9866 66469
2311 59852
2218 63252
2506 63428
2483 63836
2134 62568
2431 65968
1982 66364
2450 63112
2351 63892
2346 66508
2335 62708
2661 47785
3540 73120
1834 57960
1406 29996
2351 60152
2338 51124
2291 52254
2520 40018
2130 53484
2507 50816
2250 42932
2282 66076
2511 66572
2298 61408
2318 50200
2247 59180
2238 58828
2275 62324
2390 56484
2058 58204
3119 56596
2323 53096
2850 45877
2146 49400
2286 45476
2511 45868
2178 43660
2495 48320
1810 50652
2630 53088
16638 57766
2166 55952
2530 55996
1911 60636
1778 66772
2555 69436
3371 70529
2398 71184
2391 69964
2382 72032
2510 73612
2708 71964
2526 68788
2399 71528
2849 71456
2640 72612
2909 69354
2714 69245
2415 71864
2378 64816
2442 72208
2439 72324
2114 72336
2082 68840
3329 72410
2346 69388
2339 66800
2158 62272
2346 65232
2315 61672
2330 56136
2243 58020
2655 61440
2270 56856
2279 53424
1882 44240
2022 54424
2691 50884
8115 57116
5381 60524
2118 49308
2238 52180
2479 55356
2222 57700
2194 59412
2507 56032
2582 59560
2203 61568
3554 59269
2126 54156
2515 51832
2355 50016
2587 46812
2110 47792
2306 48876
3444 54644
3310 51382
3105 51059
2704 54324
2904 54548
2623 59320
2046 57952
2214 58052
3109 61908
2146 67104
2350 70628
2848 64865
1934 76500
1735 54388
1706 87648
1454 90956
3418 88608
2366 84604
2527 88356
5186 96245
3326 91728
2223 77412
2363 105116
16764 87922
2390 93112
2490 83428
3111 63296
2773 48653
1963 51328
1774 52204
2921 58720
2640 63796
3546 67032
2640 70196
2772 79932
2908 93180
2761 97680
3183 86905
2772 68296
2640 50812
2234 47470
15537 57478
26609 25119
8534 20225
7038 31891
6538 22603
6158 34833
6387 64961
6048 33386
6274 59827
6280 76618
6428 80219
8838 92577
6468 82205
6400 84934
6460 83875
6601 87896
76602 84386
6500 85645
6068 87508
6160 92565
6308 75981
6257 77691
6088 77705
6886 74085
6272 75861
6140 72326
6036 68084
6220 70764
6044 72136
6068 68824
6276 70607
6188 65774
6068 64803
6096 61475
5964 59823
6269 54953
6040 59968
6244 49724
6216 47535
6244 47940
6461 61848
5957 64263
6414 52959
6567 60751
6578 52543
6606 52897
6790 44411
6882 58481
6680 53545
5940 61343
7374 74170
6092 71463
6296 73462
6008 92467
6560 95557
6233 90024
6152 70859
6220 59191
6332 46327
6633 47047
6945 47392
6141 49893
6220 47749
5892 56244
5728 45017
6136 54781
6180 67892
6120 58283
5912 78065
6120 74882
6124 70329
6200 90222
6264 74629
6152 86231
5928 91993
7166 87868
5904 84130
6192 88251
6236 87286
6064 85749
6450 79280
6129 78547
6469 75245
5968 59827
5872 68824
6300 81931
5964 71230
6116 63983
6132 72079
6036 68692
6220 69193
6312 64285
5960 63702
5972 60947
6036 55589
6421 54193
6116 53876
6052 51668
6236 47246
5972 53544
6172 65098
6269 62270
6088 56906
6152 63907
6160 48426
6016 45239
6721 53571
6172 55287
6124 62221
6020 63307
6308 69739
6132 78876
6152 83873
6104 89766
6088 91864
6369 80546
6012 59234
18733 63668
5796 43786
6204 46533
7287 45921
6189 49657
7916 58857
8827 51582
6880 61605
6356 59542
6012 65334
6180 65822
5900 69712
6072 75970
6232 70342
6367 90615
5712 76232
6200 83071
5704 94286
6192 82777
6040 86806
6080 85399
6304 87809
6096 80785
6288 80336
6145 75070
5984 69223
6232 66952
6024 74437
6240 64340
5936 66682
16791 77222
6220 71256
6260 66181
6164 66654
5860 63487
5988 59456
6460 58433
6036 52641
6045 52901
6092 48345
5756 50120
6420 50902
6072 56089
6438 61711
6269 60723
7109 52671
6096 50684
6120 47959
6348 53997
5660 51621
6276 60632
6108 62594
5788 68493
6152 72724
6825 79883
6048 85911
6292 96182
5904 84859
6425 68734
6024 52430
6024 45851
6128 36609
6012 48544
7065 48337
5897 39451
5940 55374
6224 56068
5960 61250
6228 61446
6148 59610
6076 86698
6232 69218
6152 79954
6176 93179
6044 74616
5980 93689
6152 82509
6168 84717
6249 82257
6032 85609
6080 77616
6140 92452
5884 76905
6486 76909
5885 66217
6306 68254
6344 72672
5912 73385
6292 70422
5988 72239
6036 68888
6332 69752
5700 65529
6412 66353
6236 61472
6036 60201
6116 55183
6168 55093
6285 50729
6196 52197
6148 49157
6228 61142
5964 59225
6196 59836
6077 58955
6320 58271
6428 48970
6100 51666
6132 54327
6080 55307
6044 63207
6571 65375
6511 72283
6048 77966
6016 85835
6040 89772
5984 91201
6204 79138
6197 58344
6100 50597
6092 45214
5896 46287
6144 44706
7155 51968
6838 53283
6325 58862
6164 59203
5988 64026
6216 62575
5996 68541
6132 69918
6056 74792
6096 79730
6184 79541
6040 84165
6056 82925
6152 88291
6192 84042
6473 87551
5896 86606
6064 86163
6400 73673
5952 80022
6020 74636
5937 60927
6072 83692
6020 75621
6008 71629
6172 73355
6140 69116
14213 82601
6723 74770
6020 63941
6116 63407
6124 58441
5988 57640
6420 52919
5988 52734
6241 48368
6100 49747
6124 52754
5952 56466
5952 53486
10802 62610
6101 60060
6350 56167
6248 48876
5788 52205
6348 53505
5860 53120
5940 70920
6324 72215
5960 66667
6272 80231
6112 89552
5960 101058
6232 84166
5960 62937
6036 53135
5940 43000
6004 45685
6024 44747
6064 41241
7045 51365
6109 53902
8109 67014
11259 59923
5964 63478
6228 68920
5992 71203
6168 74878
6192 80055
6040 81011
6112 83251
5984 85817
9443 87539
11739 105123
5792 78818
6249 86183
6168 88338
6216 80518
7153 81440
5932 67935
6098 77042
6317 73092
6322 82340
6212 64778
6028 78281
5980 69001
6204 64820
5692 66316
6164 66008
6068 66623
6044 60738
6380 50769
6044 52458
6220 52743
6036 47707
6221 49714
6312 52154
5908 53828
6012 62010
6016 51177
6148 61211
6089 53263
6196 46336
5996 52989
6044 49644
6140 56112
6284 62913
5876 66545
6092 79697
6024 72727
6160 87069
6272 103246
5912 77869
6236 76632
6252 48849
5964 48931
6172 46907
5960 36287
5932 47365
6260 50841
6655 43917
6301 53451
6269 65051
6288 61824
5904 56677
6204 74834
6104 71271
6000 78437
6060 78265
6272 83945
5936 83790
6288 86932
6176 83169
6128 86305
6064 84082
6321 80637
6128 81597
6120 73901
6144 68543
5952 62918
6000 79878
6269 75394
6144 65283
6224 79405
6092 69364
6156 70529
6184 68359
6096 53674
6180 70914
5884 66984
5908 52377
6164 57409
6036 51010
6284 53231
6156 54697
6248 48001
6201 60677
5977 59332
6136 58752
6220 66493
6022 62349
6489 50984
6297 48284
6164 55057
6036 57581
5972 55412
6396 72287
5776 72532
6220 75746
6052 81880
6240 93813
6080 90563
6328 77567
5920 59094
6168 45986
6353 44724
6192 39804
6092 46557
6184 47272
6060 54381
6497 43363
6305 67608
5956 58634
6144 57037
6104 72470
5976 70331
6212 74090
6064 79245
6340 80634
5960 83914
6216 83322
6819 86731
6096 84153
6072 82537
6232 81073
6193 76479
6000 81311
6296 77440
6020 76712
6080 72717
6198 76041
6453 72233
6209 74136
6192 69846
5964 71643
6064 67926
6016 68182
6080 62334
6128 62660
6212 57442
6224 58364
6092 51937
6180 51631
6064 48166
5828 42737
5956 52717
6052 58694
5968 56069
6088 56989
6232 61977
6092 52028
6565 50648
5912 51540
6296 53615
6076 60965
5936 61891
6176 69171
5932 71314
5988 80420
6360 87715
5792 94515
6288 83077
6008 66542
6228 46836
6036 42867
6233 45179
6280 42524
5940 46265
6196 48729
6156 53787
6146 54498
7679 60295
7556 61673
9122 58375
6000 81195
5908 58629
6232 77660
5840 94753
6448 80212
5864 85307
6120 76169
6224 83593
6248 93331
6060 76385
6056 88372
6225 80519
6448 80945
5896 75048
6244 75852
5996 73305
6028 75036
6337 71146
6148 72678
6204 71967
5980 68660
6204 68897
6232 63885
6044 63662
6284 61490
6084 55676
6148 56150
6164 50101
6072 51714
6164 43811
6128 47360
5953 52623
6300 61138
5776 56322
6120 61350
6072 50089
6046 50516
6365 49130
6477 54450
6228 58615
6092 62002
5972 69136
6276 71891
6148 79822
6722 85650
6216 94254
6176 87840
6096 65935
6260 58038
6024 43929
5920 39085
6149 41018
6228 47958
5800 46926
6080 53182
6200 52892
6132 58749
6734 59742
6136 66863
5912 67238
6164 73943
5944 78157
6232 77872
6224 82965
5944 82288
6080 75824
6120 78419
6128 83118
6016 79342
6032 78852
6224 78034
6225 79490
6192 78626
5964 73968
6224 76349
6252 72097
6078 73986
6469 70570
6173 66853
5988 68233
6044 70153
5964 64279
6148 64832
5848 59880
6128 60734
6312 54566
6080 55254
6276 49216
5864 48901
6024 49550
6296 56547
6357 59495
6312 60372
5972 60662
6028 55357
6200 48806
5964 46892
6241 53801
6220 56791
5924 62245
6004 63942
6148 71185
5996 76042
6140 83232
6192 80917
6472 103194
6056 79275
6144 56538
6148 51742
6092 43204
6344 46206
6101 47635
6436 47329
5884 51656
6264 52482
6220 59622
6366 60144
6626 64182
6601 68601
5976 69550
6192 78763
6068 77842
6360 82305
5952 84220
6112 82896
6248 86552
6216 84873
6048 76018
6000 79633
5920 86857
6024 79951
5688 79288
6064 74077
6112 76264
5916 71921
6168 74756
6128 71069
6173 73625
6128 70066
5988 70680
6240 69203
6092 64344
6116 65003
6236 59147
5984 52988
6108 53738
6044 53887
6096 47354
6132 48355
6100 53922
6108 57792
6221 61563
6108 61711
6148 57887
5996 53234
6176 51869
6026 49957
6081 54983
6189 57652
6348 63586
6004 67462
6148 73770
8028 78828
6160 89249
6060 94436
6360 90769
5992 69122
6148 51160
5960 42712
6036 39738
6152 48130
6193 48028
6256 46587
5932 44066
6080 54534
5984 53975
6348 59679
6674 61316
8667 79526
13717 67779
6292 74093
6032 67702
7836 92549
7520 68872
6056 82975
6248 96313
6112 79233
6104 77832
5944 88340
6224 87836
6184 90350
6177 76466
6080 70019
5984 80120
6096 69680
6152 73105
6386 73533
6201 81495
6425 76877
6044 66606
6332 73824
5820 62728
6332 62887
6092 53991
5988 60134
6088 43176
6044 58035
6212 46258
5968 48728
5996 57458
6292 66168
6053 63698
6188 67056
6200 72950
6204 52435
6276 61945
6120 52047
6309 62532
6196 68963
6032 62326
6296 71807
6008 73618
6296 101906
6008 92112
6292 83617
6220 74069
5824 47619
6124 59579
6004 48676
6252 48700
6164 57611
6133 49285
5980 52941
6132 54037
6156 57501
6124 70384
6414 59628
6497 78697
6269 67063
6296 86884
6160 72880
6008 93346
6104 79378
6120 86291
6032 88654
6144 78983
5896 73964
6188 91285
6204 101462
6128 76084
6292 81519
6309 88464
6216 77687
6297 72882
6917 83569
6641 81298
6040 75147
6044 70760
6172 76679
6228 69191
5972 64170
6556 62935
6180 57997
6308 58810
5936 49322
6684 49521
7900 59842
7233 51166
7567 58200
6688 57181
6372 73632
6301 73213
6212 67527
6616 65060
6438 55638
7226 58942
6074 66852
5978 65627
6457 74433
6328 76112
6344 82584
6060 85001
5876 100341
6240 93678
6156 79944
6756 82803
6171 71099
6127 64976
6236 52749
5932 48567
5812 43483
6156 58801
5980 48984
5932 62960
6076 53258
6117 68933
6212 64860
6893 71798
6204 71628
6112 78853
6296 80603
6044 69951
6156 89688
6064 87084
6012 86806
6156 86677
6036 85804
5992 87499
6240 79770
5976 80209
6216 68082
6341 73289
5984 75128
6336 71884
5952 74215
6309 77118
6426 71421
6560 68323
6284 69605
6289 64532
6252 63342
5912 56293
6168 51090
6028 48845
5828 53107
6292 51727
5980 47051
6100 51207
6148 58426
6004 62426
6420 57143
6005 61558
6196 55682
6136 48815
5924 51833
6461 54513
6036 56892
6100 63679
6172 59768
6068 79724
6400 77241
6088 80320
6008 91682
6192 91184
6898 64479
6222 56508
6237 44584
6141 44387
6252 41783
6116 47116
6092 47654
6269 50291
6204 55056
6188 56165
5896 62315
6120 64588
6498 66265
6617 74435
7337 77165
9538 88929
6112 80478
6120 85013
6160 83845
6232 85932
6016 82884
6256 86365
6176 87077
6281 81949
5976 82422
6112 78463
6344 76064
6017 75755
6308 72049
6204 71275
5860 72843
6413 69233
6076 71944
6204 66489
5884 67260
6264 62316
6164 62016
6604 56540
6156 57293
8289 52081
12070 109375
6108 47990
6028 49282
5981 56542
6116 61625
6124 57198
6156 56649
6277 63802
5972 54142
6252 50957
5984 54302
6093 54293
6446 62551
5980 64207
6284 72230
5708 69640
6440 83958
5816 89438
5912 85079
6312 76165
6100 61163
6280 47710
6100 46249
6013 42143
6076 46852
6068 46864
6340 52503
6109 46808
6016 58104
6284 63657
5940 65321
6197 64660
6556 72605
6673 73859
5792 79420
6056 82858
6216 81863
6224 85189
5984 78764
6216 76361
6490 86754
6344 86911
6120 87404
6033 79640
6464 79459
5984 74123
6156 73607
6177 75339
5988 74173
6220 70990
6204 72384
6341 68793
6294 69994
6036 66200
6116 66203
5964 60807
6268 60640
5912 49950
6044 54352
6160 44864
5988 50068
6164 46882
6092 53061
6341 58535
6172 60770
5860 52534
6004 61492
6037 53628
5900 43555
6108 56735
6044 55988
6349 59633
5912 58042
6196 67334
6156 71371
6112 70385
6344 88241
5936 85972
6216 83509
6096 70137
6245 52239
6236 46441
6172 42537
5973 45570
6276 45980
5952 55624
6244 46913
5997 61121
6276 51413
6144 59668
6028 65673
6061 66291
6678 75291
6461 77964
6232 88716
6000 87421
6168 88580
6288 84744
6064 94183
6136 78021
6120 83820
5928 88861
6392 82614
6265 80467
6024 75645
6244 82685
5848 65804
6189 71688
6048 73722
12550 93885
6148 71739
6125 68427
6012 75410
6172 66879
6040 51307
5908 63978
6092 58489
6268 48673
6100 53278
6324 53110
6333 39309
5996 58686
6380 61158
6093 53913
11992 68533
5868 60201
6052 62468
6229 52534
6036 44726
6156 54224
6196 55498
6005 63099
6286 65227
6156 71558
6136 74994
6152 85386
6008 82685
6152 101627
6164 69448
6116 61788
6216 46076
6000 44076
6200 42162
6268 46895
5940 43271
6148 57338
6080 54301
6153 60131
6100 54465
6360 71076
6064 67521
6029 74513
7114 76728
6565 79327
20410 84462
8751 82716
6144 77852
6688 83465
6156 86277
6272 85269
6289 90048
6160 83740
6072 75771
6088 85327
6032 77994
6040 74199
6244 75076
6225 71245
5984 73336
6284 70101
6120 71260
6193 67672
6434 67268
5856 56777
6408 59477
5736 55003
6168 55228
6164 54584
6176 49635
6200 50385
6092 47027
6204 57541
6176 58854
6117 60277
6140 57241
5656 54270
6044 60287
6473 51509
6036 49601
6268 56146
6663 56606
6209 66203
6160 62911
5824 69270
6144 73084
6256 92344
6208 92846
6200 83316
5864 61088
6064 52116
6381 43797
5952 43820
5988 47682
6049 47314
6104 52167
6092 56036
6292 56454
6097 62492
6204 62292
6160 63238
5996 70381
6049 77570
6530 71376
6669 74227
6184 85794
6040 80008
6192 83978
6160 86909
6144 87008
6216 87218
6176 89457
5840 80912
6256 80126
6293 67491
6256 68311
5740 88564
5968 64983
6173 78976
6044 64187
6136 72391
6794 62071
7179 76243
6376 59557
6056 70955
6264 61331
6092 55977
6064 56055
6368 50775
6044 51231
6212 48293
6284 53384
6241 58715
6172 60857
6201 55486
6060 61906
6180 56828
6064 48859
6529 52645
5884 51617
6268 60235
6168 63118
6028 61447
6190 76086
5916 76063
6192 87679
6000 91989
6048 88791
6320 69288
6593 56070
5952 40960
6914 49975
6084 44350
6100 47524
6101 48443
6204 54530
5776 54574
6176 60188
6333 61011
6028 67192
6380 68021
6052 74041
6332 68766
6008 79687
6725 83941
6296 81285
6112 86005
6000 83396
6352 84718
5840 84072
6192 88638
6088 81689
6345 81575
6128 75235
6181 76093
6284 72353
6224 73661
5980 70479
6397 73234
5964 70349
6076 70798
6232 66645
6032 58618
6566 64687
8727 60540
7498 59269
6690 54713
6828 53172
7850 48762
6479 49816
6327 47177
6295 59517
7173 58826
6407 61308
6360 56557
6107 60181
6891 50016
6175 51780
6680 49963
6259 53025
7141 60065
6264 62382
6105 70252
6232 75120
6093 81757
5984 92084
6429 90777
6260 78757
6196 57952
6092 49899
6148 42862
6044 46096
6373 44164
6316 51342
5892 50505
5888 54253
6674 55740
6100 61089
6513 56495
6016 67168
6084 62896
6120 69271
6160 77026
6274 82462
6717 81754
6360 84545
10223 91309
6176 85844
6160 83378
5960 87941
6112 83503
6240 82004
6144 75477
6136 76447
6185 71880
9243 75272
12685 89108
6040 70351
6501 72051
6072 63065
5944 61646
6136 61662
6028 63172
6152 57238
6188 57283
5836 57054
6204 51642
6036 51676
6212 48064
6092 49536
5916 51791
6276 60650
6213 58128
6332 61226
6069 55098
6132 54335
6108 48303
6096 51744
6417 49016
5932 58118
6180 65613
6100 72847
6044 73608
6274 84658
6120 87867
6132 95119
6072 83300
5976 68076
6212 50256
6688 45478
6780 41705
6540 46771
6100 48477
6164 48037
6229 54066
5932 53906
6324 59576
5944 55073
6645 66852
6448 61450
5940 72096
6232 79325
6064 80441
6504 80003
6861 84289
6112 82981
6080 85174
6112 83400
6296 87175
6032 85225
5896 83509
6000 77658
6401 77509
6244 73535
6189 75742
6200 71777
6040 66754
6036 70341
6293 78683
6092 64560
6224 61003
6112 58646
5988 64697
6414 60341
7183 59309
8268 52765
5988 52510
5940 48523
6264 54221
5968 43155
6316 60357
5864 61785
6080 47620
6148 39805
6125 58724
6036 48807
6284 51458
6140 51192
6209 50048
6020 68244
6256 74148
6076 66975
6044 76997
6192 88604
6168 100875
6000 79212
6116 70810
6084 57507
6220 45207
5720 42395
6212 45497
6324 52478
6269 43122
6468 57274
5853 52411
6140 50825
6212 67427
5932 64644
6573 66993
5836 65087
6224 70105
6184 76327
6064 84052
6238 82407
6705 101550
6084 74580
6232 85630
6420 94007
6328 86015
5936 84244
6112 77682
6316 77905
6024 72886
6196 74338
6161 71473
6212 73855
6224 70528
6104 72501
6161 56296
6100 67591
6140 74537
6032 59145
6092 59422
6164 59517
6044 54850
6140 54681
6228 49237
5852 50356
6180 49564
6012 55964
6132 58948
6308 61682
6557 61194
5948 54560
5997 51474
5948 48557
5996 47424
6188 58816
6365 62377
6036 57510
6124 71817
6444 73800
6192 83048
6170 90305
6611 94641
6084 78047
6124 59118
6028 50345
6256 42836
6012 45287
6092 44051
6296 48754
6036 48643
6420 54735
6125 54653
5984 54636
6284 61225
6068 66885
6561 68731
6272 75744
5808 76766
6252 101605
6156 57731
6108 97827
6985 116681
7899 93565
15537 121865
6144 96295
6204 93853
5992 93556
6136 80161
6016 79806
6281 76150
6588 77278
6265 73960
6132 76408
6172 72153
5968 57783
6453 78188
6300 69751
6044 64085
6220 64372
6004 53409
6230 64639
6244 54753
5948 53777
6276 50211
6036 45661
5956 58774
6268 60874
5988 62425
6168 60437
6108 64655
6148 57119
6213 48754
6638 56570
6308 57618
5688 54512
6493 61420
6204 78520
6076 76716
5832 75537
6072 100281
6224 96446
5960 85960
6188 69944
6164 53885
5996 47217
6316 47391
6156 46895
5996 51257
7086 52706
6245 56142
6060 55840
6365 62511
5932 62141
6316 68925
6048 79907
6185 87946
6232 81893
6080 87281
6032 82796
6168 85349
6258 85524
6853 82603
5984 81443
6456 85113
5928 84155
5864 81942
6328 76295
6100 76262
6388 68711
5644 67447
6052 81741
6313 72202
5948 73301
6312 63243
6052 70591
6189 67197
6116 67851
6244 63016
6228 62839
5980 56792
6068 54445
5956 55413
6044 51962
6268 48638
6224 51010
5996 56591
6212 61868
6188 57204
6340 59296
6053 56645
5984 46984
6625 52158
5912 45622
6372 55737
5812 64178
6085 65226
6220 71815
6200 74481
6188 83647
6056 90626
5922 84454
6136 84421
5916 59203
6268 46848
6316 45686
5936 41981
6164 47608
5892 46676
6260 53035
5820 54649
6252 61402
6301 54556
6116 66958
6308 68441
6168 74889
6121 80552
6260 85134
6176 85043
6216 82902
6208 74309
5840 86527
6981 82355
5888 84793
6152 85005
6272 93234
5972 77641
6400 77389
6028 69625
6096 65857
6665 75033
6352 71604
6241 73362
6000 63761
6228 71353
6784 68404
6701 68704
6264 64039
6172 61395
6480 61578
6172 56005
6138 56088
6208 52872
6128 48526
6628 50519
6788 55170
6304 62628
6164 57263
6196 59025
6116 60233
5916 50820
6100 50136
6281 45613
6084 56242
5980 58712
6160 62401
6269 69928
6160 76905
6152 77721
6204 90371
6304 91560
5936 81922
6180 67252
5756 51603
6148 45494
6076 42773
6100 48436
6336 47651
6092 52270
6060 52953
6430 59604
6072 56989
6293 62676
5876 69988
6272 70358
6008 76394
6317 77157
6388 82048
5992 82082
6312 82430
6016 85877
6242 82421
6764 84640
10205 90862
6390 85886
6208 79803
5960 79152
6164 74264
6148 74959
5984 65231
6144 74123
5920 64991
6317 73152
6132 69683
6156 77417
6092 61005
5818 62432
6356 71596
5756 60997
5924 55950
6116 53959
6108 52284
6248 48991
6532 50112
6084 48857
6284 60519
5970 57853
6228 61313
6084 55553
6072 50864
6517 52615
6312 51416
6601 42915
5988 64125
6196 55391
6172 69141
6309 69436
6076 78886
6064 84202
5976 83048
6112 106571
6114 66942
6292 58678
6176 47379
6036 42461
6192 45010
6044 40666
6032 43701
6132 52878
6040 43514
6196 64691
5728 54907
6625 66693
6076 76752
6172 71417
6080 77938
6185 73164
6352 90471
6160 73988
6112 93003
6304 83888
5904 84598
6644 84389
6265 89259
6256 81910
6276 79995
6096 68049
6256 66612
6216 67744
6040 71718
7278 61970
6016 79427
6261 70289
6036 71169
6224 66834
6088 68121
6109 64523
6336 64305
5936 53384
6148 64057
6276 52790
5894 41426
6288 60267
5936 50624
6036 59943
6352 58613
5920 59476
6436 57485
5936 58002
6196 48622
5880 40358
6104 56033
6301 58056
5948 60271
6092 66777
6428 70416
6225 70272
6280 86757
6032 92105
6947 92598
6064 78388
5896 61938
6276 47920
6048 46082
6072 40936
6264 50915
6008 46562
6128 46214
6344 56580
5964 56328
6414 55474
5828 66980
6297 62460
6144 81676
6056 75602
6352 79912
5985 82361
6024 86232
6424 83543
6008 85173
6000 80994
6250 83837
6716 83383
6325 85431
6080 77985
6096 77692
6164 66753
6032 75637
6172 64881
6064 65133
8304 81555
6056 69674
6261 71638
6144 68135
6136 69387
6344 64842
6297 64266
6072 48361
6020 69276
6176 53844
6144 52514
6264 49420
6184 44593
5844 54610
5964 58839
6040 55195
5912 53204
6212 57887
5908 49582
5940 49988
6493 49459
5752 56084
6269 57367
5988 65316
6152 67564
6024 78595
6385 77547
6000 88336
6152 92122
6184 85051
6408 69170
6106 50903
6380 47320
5940 42467
5980 44419
6352 46986
5820 51106
6300 52668
5876 58290
7062 60793
6380 65636
6092 66278
6181 73732
5992 73482
6216 79643
6088 79990
5752 78774
5832 89892
5988 84795
5752 82699
6112 84589
6216 84884
6708 84891
13827 89695
8907 76666
6120 74195
5960 68768
6148 65756
6056 74481
6120 71413
6369 73590
6188 72195
6301 68750
6028 69706
5828 64890
6380 66132
6029 60882
6156 60936
6036 55099
5972 54299
6220 49083
6398 51085
6220 48766
5960 52710
6108 60833
6004 59090
6044 58431
6088 50198
6204 50737
5952 43819
6376 57743
6104 55519
6277 63132
6148 65089
5948 73321
6268 75627
6297 84653
5904 91009
6320 91224
6140 74106
6284 59718
6092 46652
5988 44139
6164 42653
5932 46390
6304 46098
6072 47029
5940 56084
6164 56664
6164 62949
6541 64115
6100 69876
5973 71205
6232 78522
6236 78833
6024 83408
6001 81896
6312 86010
6248 83834
6232 85720
6352 88197
5998 85399
6572 96768
6675 98192
6160 80159
6184 79751
6064 69256
6316 84204
6308 72161
5992 75259
6268 71051
6104 73015
8463 75645
6220 69597
6092 65537
6276 65820
6029 60345
6068 59827
6052 54269
6100 53608
6164 51056
6052 51417
6124 55549
6012 62480
6260 61907
6268 60003
5960 48516
6100 52320
6108 48399
6148 53137
6505 55041
6092 61883
6381 64099
5788 71281
6148 75952
6244 85921
6225 89689
6032 94445
6184 82258
6060 67162
6164 51112
6238 48316
5884 43762
6428 47720
6064 43906
6000 48016
6056 48338
6092 58628
18825 149833
6196 65401
6332 66038
6284 73305
6145 72719
6080 80148
6160 81381
6120 86090
6036 84210
5960 86246
6372 82812
5936 84977
6384 84284
6000 83362
6192 81843
6965 80143
6040 74272
5852 73377
6164 74458
5992 72077
6180 74288
6124 71190
6401 73958
6188 69582
6117 71166
6108 65963
5716 66647
6444 62469
6393 62594
6100 53534
7013 51578
12363 59604
6148 50327
6238 53952
5856 53673
6372 57962
5864 55600
6428 51766
6120 56500
5960 48547
6208 51741
6016 51776
10025 73499
5896 61321
6133 67244
6112 72187
6044 80267
5972 84486
6137 84355
5932 99952
5892 68645
6028 72545
6332 65491
6000 51011
6108 57272
6012 46436
6156 57248
5928 63388
6136 74594
6216 76928
6088 87648
5996 88067
6409 86437
5984 95989
6133 72663
6236 69836
5936 94277
6288 94424
6241 105722
6096 84378
6192 99765
6056 79641
6128 102010
6314 80980
6368 98917
7726 68046
8843 90552
6176 70368
5960 97471
6328 71686
6256 88881
5928 73743
6352 84093
6052 79730
6297 86515
6120 71534
5964 66698
6116 59347
6165 58938
6060 53703
6332 53050
6052 49067
6024 47699
6092 59945
5920 53823
6068 60318
6184 53167
6220 48339
5832 48548
6036 43920
6228 57933
6172 57162
6276 60797
6098 65012
6117 71527
6260 76189
6128 77595
6080 89844
6241 103060
5904 78124
6300 61448
6498 48094
6487 42307
5934 39369
5816 47364
6344 43310
6020 57727
6164 52576
6228 59030
6204 59876
6028 66675
6076 67626
6388 73953
6256 77438
5945 79076
6288 84491
6008 84300
6184 87550
6369 85117
6088 86068
6024 82893
6160 87199
6240 84790
5976 75142
6272 78771
6797 74927
5956 66398
6348 82343
6240 74215
5956 70623
6260 72844
6032 70418
6196 71450
6470 67395
5637 58693
6412 71416
6084 61591
6236 56853
6109 56346
6288 51515
6348 41698
5956 57579
6048 53878
6378 49099
6044 67001
5800 57538
6204 62764
6044 52538
5956 43756
6188 53338
6364 61461
6068 55170
6068 63126
6068 69407
6005 75134
6108 79526
6040 98119
6236 92684
6177 87683
6244 66619
6140 54331
5956 40552
6060 45734
6244 40676
5892 48398
6508 48796
5772 55604
6092 54707
6284 60765
6012 65497
6244 67121
6906 80643
6000 86012
6469 80704
6029 86196
6616 85948
6112 83660
5968 86492
6265 84569
6240 87085
6024 76629
6064 79374
6136 90465
6242 80226
6048 74245
6881 76521
6104 73382
6052 74934
6132 70874
6204 72140
6124 69455
6076 69728
6100 70142
6100 68394
6269 62823
13250 68629
6156 52061
5748 62276
6069 52204
5932 51511
5924 43644
5852 55999
6020 57790
6004 61602
5996 51516
6484 63212
5964 57721
6076 48674
6264 51971
6172 46440
14604 74209
6297 64759
6286 68208
6957 74378
6101 77156
6328 85531
5896 91374
6168 91599
6297 73702
6204 59333
6196 45509
5932 43035
6044 44592
10963 50959
6044 49114
6212 50376
5964 57061
6412 59217
6004 60111
6204 66482
6116 71286
6072 80039
6064 84571
6352 84971
6201 81868
6240 86032
6016 83362
6176 85627
6249 82333
6284 85669
6416 85805
6016 85902
6168 79464
6096 78428
6272 74417
8849 83661
10972 72854
6164 74378
6208 70640
6044 72519
6324 68719
5988 70305
5948 68725
6442 65739
6301 63875
6228 58116
22126 74794
6092 52898
6125 53487
6092 47524
6268 49945
7231 55152
6069 61442
6367 57367
5972 58603
6052 58988
6324 53151
5944 45896
6096 51063
6144 51916
5932 59882
6004 62284
5864 68933
6272 75082
6149 80468
6240 87973
6176 93072
6104 79771
6165 62423
5968 47853
6152 43271
6160 38685
5968 43304
6337 43840
6080 49182
6032 51470
5968 56752
6128 57634
6152 61789
6176 63981
6288 72287
5960 74634
6120 79118
6346 80213
6120 83254
6136 81418
6076 83928
6104 81271
6481 84173
6104 81485
6192 86573
6152 78822
6056 77904
6551 76496
6260 70067
6657 72534
5912 70301
6140 71774
6252 69573
6080 71049
6192 66855
6184 67603
5800 63647
6416 63665
6105 58085
6208 57026
5904 53205
5968 56858
6441 47973
6024 51393
6056 49496
6274 71140
6112 63732
6289 61442
6072 53459
9587 69178
5980 38161
5944 57600
6096 50698
5856 57549
6028 61581
6304 64257
6212 72748
6497 76153
6153 86994
5888 91316
6304 88506
5988 71732
6217 52473
6280 48321
5960 36300
6128 47319
5912 38553
6427 48861
6120 55070
6024 49769
6288 54338
6240 61619
6144 62814
5972 68514
6100 69927
6452 86802
6215 73746
6276 91471
6249 74189
6216 92815
6416 74590
6028 85592
6501 82722
5676 86993
6004 80629
6352 80083
6056 75572
6232 75389
6384 77645
6677 74276
6224 70004
5912 71226
6196 68718
6080 69134
6200 59292
6100 64867
6008 65029
6482 55025
6049 59271
6024 54744
6240 48999
6080 48518
6321 44692
6072 46523
6128 53839
6116 59011
6204 54917
6346 55803
6176 56230
6128 49296
6108 46964
6056 50551
6200 53608
6000 52021
5988 70955
6068 62002
5884 75720
5972 88015
6201 83815
6112 88821
6132 83700
6008 56750
6321 43753
6148 42069
6128 40264
6683 45946
6136 43645
6144 50630
6252 51936
6056 54730
6136 58479
6092 59984
5992 57276
6144 75915
6872 76146
6832 77363
6280 83506
6721 82512
6201 77023
6288 92750
6288 81211
6196 73966
6361 96348
6792 85790
6540 79112
6360 79641
6176 73362
6322 65633
6124 81313
8357 79815
8817 70058
6288 70224
6116 67948
5920 68439
5996 63591
6144 63873
6008 58678
6228 58563
6161 53001
5772 31672
6332 48506
6044 50453
6341 46071
5968 54312
6160 58448
6124 60017
6020 56869
6280 61959
6084 52224
6271 54541
6012 49322
6124 55181
6244 58549
6248 64663
6228 68612
6200 73595
5988 78794
6512 90220
6240 93145
5912 87612
6000 63238
6332 57848
6556 43834
6092 44415
6092 43926
6284 48472
6172 51339
6518 54173
6140 54039
5988 59077
6404 60177
5996 68907
6096 74701
6268 82195
6048 83585
6826 92656
6160 82640
6216 86698
6216 87260
6201 90645
6183 83841
6216 87826
6353 84697
6064 82755
5988 77204
6328 77818
6176 72212
6288 74228
6124 69871
6709 71667
5924 69112
6012 70251
6236 66605
6296 66751
5960 61716
6200 62071
6024 56452
7279 56076
6064 51320
6024 50039
6248 45056
6064 46327
6324 48203
6136 57306
5960 56404
6440 57546
5968 56085
6566 57871
5800 50391
6040 47439
6340 44824
5988 62113
6200 59109
6004 67085
6080 71390
6164 74895
6277 85418
6240 91061
6290 87621
6120 68239
6140 54740
5740 42235
6333 41530
5748 41307
5768 38006
6056 50934
6460 47539
6000 53663
6120 52639
5884 59205
6444 59887
5968 66322
6056 67028
6164 74187
5952 75239
6288 80112
6056 80819
6690 84905
6160 81184
6180 83526
6080 81502
6176 87326
6305 81312
6120 81962
6040 74860
6304 76102
6152 71667
6250 73495
6220 69809
6673 71671
6408 67265
5912 69031
6128 65002
6096 65664
6128 60808
6152 60342
5960 55210
5896 55074
6296 48127
5968 47968
6144 44782
6064 45991
6193 51166
6200 59777
6072 55790
6040 55779
6072 55711
6024 51380
6296 46452
6080 50197
6200 52471
6024 60270
5828 64471
6492 66818
5956 73309
6244 78797
5944 88957
6393 92975
6384 77140
5992 60480
5976 46065
6192 42418
6281 38166
6096 42516
6024 46560
6152 46067
6080 53095
6138 53292
6000 58567
5884 54851
6183 74816
6204 70823
5936 72370
9170 77126
6012 71130
6236 88888
6163 91996
6465 86471
6400 84703
6373 82736
6176 85306
6897 84591
6337 84354
6155 78705
6172 76781
6168 71744
6092 73088
6100 69970
6340 72898
27439 77084
8787 76761
6168 65845
6128 65987
6160 61874
6120 61810
6008 58587
6120 53455
6201 53598
6016 31409
5956 49077
6276 46523
6140 51501
6141 57821
6116 60736
6196 58031
6044 58534
6204 54593
6174 54163
6172 44495
6012 51573
6240 59651
6148 62389
5988 69165
6080 66570
6156 86436
5896 69616
6112 90654
6328 88336
6172 68726
6148 55042
6164 49749
5988 36800
6293 49505
6068 45182
6236 49088
6220 50768
6012 47890
5932 58190
6220 59282
5992 56818
5912 68802
6184 70579
6064 77048
6304 79778
5928 75326
6104 84284
6168 74994
6025 75373
6504 85650
5904 83590
6296 88318
6000 81542
6233 81033
6240 75409
6216 75298
5864 72710
6020 74239
6294 71141
6220 73334
6817 69865
5908 71466
6260 69565
5980 70172
6144 50763
6072 57920
6308 62088
6036 49246
5968 53230
6152 44345
6036 53892
6504 41649
5796 58335
5980 57989
6004 52194
6048 65674
6156 64157
6124 49146
6064 50737
6332 50874
6252 52822
5948 65490
5968 61074
6008 65040
6372 74372
6012 84869
6172 74247
6060 92079
6453 75180
6204 58610
6144 46288
6320 38227
6028 49788
6157 44041
6196 49038
6108 50958
6148 53073
6084 56969
6142 57234
6446 58138
6351 71861
6320 72682
6092 59279
6232 86367
6264 78758
5928 85290
6212 74118
5948 93268
5928 74595
6236 93705
6320 89055
6032 84309
6216 81600
6185 76064
6500 77122
5968 72334
5960 72262
5868 73772
6208 70739
6300 72225
6745 68489
6144 63768
6040 59324
6148 64958
6248 55155
6040 54762
6276 54188
5960 53830
6249 48472
6092 49699
6332 46415
5892 54966
6172 57899
6069 60981
6156 57637
5908 58792
6132 54826
6164 43110
5902 56269
6104 52287
6288 53924
6168 66822
5832 67150
6068 57309
6180 87472
5920 83016
6304 83744
6088 75577
6100 72307
6324 45097
6359 49821
5956 38129
6220 45561
6389 49405
6008 45516
6020 51483
5988 62271
6364 59954
6296 60212
6116 66559
6100 66592
6132 73214
6024 75508
6360 80940
6000 75834
6000 74605
6770 86698
6144 83717
6449 85405
5960 85467
6032 87751
6088 80704
6180 77892
5929 77269
6288 73604
5992 74287
6336 71562
6004 73138
6286 70151
6036 72552
8260 80872
8895 68601
6112 67617
5920 59778
6296 57113
6076 57004
6044 56776
6268 59257
6133 63599
6164 49226
6252 51202
6108 58118
6252 61621
6157 57688
6328 62222
6076 55998
5956 49379
6196 52713
5956 53167
6276 60639
6212 62940
5908 69914
6172 74334
6124 82107
6320 87586
6176 97270
5836 76289
6288 73016
6314 55885
6332 47605
6076 43545
5932 46155
6132 45332
6165 48952
6140 53009
6060 56087
6108 56409
6020 63824
6310 63823
6172 70791
5996 79497
6000 76537
6240 73768
6120 84923
6096 83056
6160 86406
6012 84173
6296 87830
6016 87668
6288 86003
5952 85085
6068 79800
6288 81783
6053 74789
6040 53622
5916 97679
5868 74911
6232 71339
6264 72544
6212 69684
6769 70288
5976 53431
6048 66406
6112 60302
6180 54516
6100 54666
6044 54351
6020 49482
6204 49248
6450 42893
6124 54629
6020 62112
6052 58719
6221 66663
6140 59997
6044 53973
6072 56539
6160 60631
6170 69071
6169 67619
5968 79723
6272 82424
6288 98973
6191 98016
6807 98254
6252 88301
6403 80703
6112 72084
6148 58651
6305 68690
6063 71011
6092 60754
6216 86161
6049 104282
6212 56945
6128 55849
6371 63899
6184 62717
6100 65876
6331 70897
6188 73722
6168 67906
6200 58224
6746 86215
6928 65164
6624 65463
6408 68965
6988 63690
6769 68690
7240 69565
7028 76066
6952 72353
7670 72687
6481 55564
8905 83241
34377 81800
6664 84829
6424 82825
6330 85487
7040 87391
7425 90053
6520 91580
6960 91554
6904 88352
6616 90649
6556 86963
6784 89270
9655 96181
6708 84576
6848 94129
6732 93369
6772 112935
7004 158026
6377 122061
6368 95327
12562 163710
6360 71572
6608 108835
6552 143036
6468 119428
6248 122223
6800 114245
7027 99980
6556 110919
6860 134065
6324 124495
6412 135776
6564 131736
6752 89997
6557 137222
6564 115973
6608 94055
6684 148063
6797 84556
6716 128668
6200 131055
6704 111933
6632 116087
6614 116307
6712 133210
6568 117153
6708 106569
6428 149969
6519 92355
6819 132434
6813 110901
6576 149280
6840 93555
6496 120315
6608 128607
6660 98189
6464 159611
6872 96388
6845 106622
6632 127408
6792 128073
6704 118166
6804 127605
6996 125118
6536 118104
12356 120153
10442 129265
6960 119729
6748 121572
6808 120672
6660 106987
6732 129743
6820 122736
6672 122570
6917 118813
6716 118153
6744 120134
6752 118158
6801 120400
6668 119420
6404 122332
6396 115503
7048 119593
6590 120034
6500 120806
6908 118191
6708 111657
6816 113564
6684 116692
6552 111707
7088 117021
6588 115186
6792 114509
6604 112870
6456 114646
6704 111674
6428 111155
6436 117882
6096 119235
6240 105236
6356 128936
7611 118620
6888 119879
6632 116644
6632 113511
6904 120936
6760 118235
6888 115354
6796 118736
6952 115032
6624 112189
6544 107050
6632 111290
6660 113671
6697 114974
6936 116001
6252 117299
6864 118467
7113 118934
6492 114490
6864 120621
6616 123063
6920 124469
6670 124430
6408 125388
6892 122225
6965 119237
6836 116272
6760 119363
6892 121597
6404 118494
6016 116735
6732 123991
6696 121221
6520 115057
6768 124198
6748 124786
6756 121244
6881 119945
6696 124035
6672 116420
6380 122372
6912 122139
6560 120957
6708 115718
6752 113401
6636 112720
7160 115055
6792 119523
6956 122290
6528 114805
6732 99500
6952 137644
6724 102927
6621 112074
6688 114927
6676 115226
6748 118229
6853 118855
6492 117210
6840 124537
6552 119154
6220 118821
6734 114946
6664 117595
6704 118975
6696 114426
7028 122684
6736 106551
6520 111152
6716 113669
7517 112725
6692 113754
6688 112070
6620 118123
6756 107770
6740 116305
6576 126552
6737 109770
6880 123435
6544 119092
6380 128375
6996 123771
6836 123361
6372 117215
7116 120245
7201 125073
6908 126819
6576 109110
6432 120356
6667 129046
6828 125274
6744 123512
6088 131265
6686 116504
6563 120608
6616 90978
6748 104447
6889 114727
6724 119413
6832 113524
6784 114926
6540 113923
6730 109660
6620 100872
6796 71618
6548 74600
6748 75131
6512 72553
6872 71377
6844 63596
6656 62211
6524 58154
6828 56873
6392 66742
7264 77535
6544 94416
6748 94778
6745 102193
6604 89326
7060 105345
6416 107299
6960 113678
6624 111577
6468 109555
6464 88920
6516 89944
6792 96977
6760 86575
6684 81317
6992 76152
6760 80405
6620 83663
7588 96161
6772 93763
6612 93636
6816 97294
6940 100339
6949 102452
6760 100565
6788 107139
6816 113858
7032 122450
6902 117349
6536 108143
8136 118820
9936 119682
6744 114190
6824 112903
7036 110936
6792 109466
6728 108257
6772 101655
6846 95506
6664 123836
8793 110100
13045 116320
6456 105933
6357 108578
5708 106943
6260 115446
6804 102891
6510 103243
7299 117784
7014 104725
7098 105434
6805 106469
7035 99110
6648 94487
6748 87287
6748 86897
6648 81522
6874 94415
7458 92060
6801 94112
6910 85928
6548 87751
6980 92264
6933 109076
6716 95610
7000 99272
6424 91144
6912 96538
6938 88461
6660 85812
6748 98340
6668 88827
6704 87452
6668 86384
6988 81034
6712 78385
6088 80948
6720 89547
6668 91417
6760 90098
6760 102048
6688 119822
6664 103250
6937 110600
6520 113336
6812 112773
6464 111316
6796 113685
6800 119710
6708 116940
7008 113242
7261 115625
6672 114437
6932 106339
6688 104446
6768 109260
6944 107000
6588 108140
8131 103061
6766 104791
6708 108477
6712 109716
6880 107478
7253 105875
6857 114680
6856 103043
6700 109061
6232 99849
6638 92794
6620 98896
6860 92960
6532 95519
7016 87326
6632 88035
6880 84079
6778 81415
6839 86927
6652 85862
6820 81481
6628 82652
6844 82633
6860 87915
6624 93474
7009 86766
6696 87473
6904 90049
6792 86139
6924 86531
6700 86885
6468 89004
6991 89171
6509 88123
6672 85835
7152 86338
6756 97104
6808 109569
6432 149166
6644 134716
6695 109134
6239 90422
6980 126383
6832 122314
6648 128220
6885 128720
6888 109074
6624 116596
6808 132848
6588 114429
6870 119522
6844 122411
7088 119980
7493 124457
6528 124757
6844 110421
6684 123381
6664 109804
6772 133584
6636 112462
6728 119082
6620 131558
7056 111613
6544 108994
6404 131731
6781 127174
6692 120225
6648 117817
6768 111313
6700 122690
6840 127462
6144 110464
6328 120987
6804 127975
6844 107816
6612 108052
6556 112057
6876 113589
6432 114583
6872 119060
7085 115263
6540 110691
6684 116092
6220 118458
6944 116938
7233 117194
6712 111766
6744 122818
6656 131260
6976 115038
6866 115934
6484 119250
6976 114620
6600 111610
6760 117993
6988 116366
6732 126199
6948 106235
6700 113732
6540 118727
6980 126682
6604 111093
6932 118711
6272 123982
6092 126140
6276 111927
6160 133931
6492 127974
6977 115604
8208 120712
6928 123787
6904 129034
12615 126781
12673 120071
7617 125854
7362 125183
7112 117892
6811 108110
7163 122725
6775 117584
7108 117264
6664 120859
6987 136231
6611 112116
6652 110532
7012 121371
6885 131112
6760 108025
6683 122374
6600 118793
7397 129322
6732 112131
6952 127889
6280 118182
6872 124078
7092 120200
6488 123061
6258 97459
6401 143914
6872 107476
7341 121699
6984 127517
6830 118181
6564 116301
6832 127459
6652 127371
6453 122703
6060 113208
6928 120081
6596 127550
6956 118104
6340 113599
6384 120923
6612 122411
6676 139324
6468 121269
6616 107565
6464 75673
7262 144595
6248 113192
6977 134127
6516 123704
6412 90968
6412 132019
6560 102928
6800 132809
6637 119145
6128 105728
6512 124248
5906 128931
6786 119251
6560 121698
6632 111711
7549 119090
6840 125343
6384 120236
6752 119128
6696 121010
6784 126095
6288 110229
6840 118445
6744 134138
6400 121438
6868 115968
6736 108696
6984 116421
6589 114907
6304 117232
6664 111626
6728 115722
6816 109330
6772 108824
6392 108997
6768 117209
6600 104328
6872 107729
6572 146710
9136 129651
7494 157538
6696 123759
5984 121351
6869 117779
6636 118901
6748 123036
6572 123223
6836 119775
6821 116708
6824 126985
6996 114558
6724 124097
6906 118282
6780 119882
6712 119774
6956 122486
6656 120471
6496 118291
6736 120957
6976 117891
6684 123599
6852 118623
6528 125185
6500 112170
6680 130737
6408 118953
6408 118673
6784 128373
6833 121907
6472 120092
6356 114347
6676 124416
6760 122314
6408 118953
6408 118673
6836 119775
6821 116708
