32661 1511
0 0
0 0
0 0
0 0
0 0
241 0
4318 38106
837 20373
9009 6901
33850 923762
54996 453760
40578 71988
4602 3285
1159 15203
1782 793
6586 1915
1058 493
1180 576
1087 402
2256 1007
22027 426014
20555 1103728
1700 205988
2922 1413
0 0
3285 995
13659 1851267
286 182
3046 308245
956 458
3834 9163
2216 19773
313 1476
995 7911
0 0
0 0
0 0
27033 1040
5144 517324
8284 1830296
0 0
864 402
0 0
0 0
0 0
2111 7036
3064 7688
15541 67226
1512 8027
4222 26807
9507 787846
7502 744163
8987 1911436
0 0
3804 460809
0 0
0 0
0 0
0 0
910 458
0 0
6540 9564
7443 5457
964 4196
11872 830
286 182
12735 1860559
143 143
1796 730
2420 459418
323 144
180 52
0 0
466 351
1009 493
0 0
0 0
360 104
2162 1201
7347 1563407
646 300
0 0
0 0
7280 461901
0 0
0 0
0 0
0 0
1973 4681
911 458
0 0
0 0
338 286
40 40
4205 756312
3952 1069377
183 131
0 0
0 0
3347 460547
0 0
0 0
646 288
0 0
0 0
13533 1918119
1332 575
0 0
0 0
52 52
0 0
0 0
68 0
0 0
4150 462093
2713 7329
0 0
12090 2081563
646 352
914 458
0 0
60 0
203 91
0 0
60 0
388 156
323 143
466 195
60 0
0 0
0 0
0 0
2781 461382
143 91
1685 922
208 156
60 0
286 182
143 91
10130 1751176
0 0
146 118
1949 6957
1758 6490
120 0
120 0
0 0
317 329
120 0
1399 718
713 390
311 60
168 356
1984 2066
3402 2851
60 0
0 0
0 0
0 0
0 0
0 0
3805 456709
1556 719
60 0
0 0
0 0
4249 12690
2575 6174
60 0
2463 2470
60 52
7230 805370
7559 905279
254 202
0 40
0 40
383 104
0 0
0 0
1705 1082
323 104
0 0
0 0
0 0
112 52
271 104
0 0
76 0
0 0
60 0
3910 2901
14972 1926734
1628 361127
120 0
3630 610
2822 38475
13458 409047
35381 1303
1409 23420
2123 2201
3493 131336
0 0
0 0
13351 288913
27518 893451
79716 2370542
3804 75796
21761 1872964
10329 312408
14160 1647085
11318 837157
1961 636
1291 785
0 0
889 463
1178 701
4244 6930
0 0
957 407
13323 613687
12800 657155
67507 1207134
11012 1772210
9450 938
1620 462
2942 761
195 195
0 0
3573 277527
0 0
835 406
13737 1885454
202 150
0 0
5037 730
0 0
0 0
3266 419101
2501 144216
5656 1547306
839 406
0 0
0 0
1972 216168
0 0
5725 937372
3224 824567
1933 626
0 0
0 0
839 406
0 0
0 0
17165 2280688
849 462
195 195
0 0
0 0
0 0
0 0
0 0
15754 2008502
0 0
143 91
0 0
0 0
0 0
0 0
3319 427570
0 0
12266 1768153
0 0
0 0
0 0
1784 574
143 143
0 0
0 0
143 143
0 0
14788 1616222
336 156
3163 385795
143 91
989 605
285 104
0 0
0 0
12462 1924542
0 0
837 406
0 0
0 0
0 0
0 0
9107 1693998
0 0
1395 0
1040 156002
0 0
0 0
91 0
52 91
2184 626
0 0
0 0
0 0
232 104
0 0
0 0
0 0
0 0
0 0
91 0
901 553
0 0
0 0
0 0
0 0
388 208
232 156
91 0
52 91
0 0
345 587
253 52
0 0
0 0
91 0
52 91
843 406
104 52
0 0
143 91
0 0
0 0
143 91
542 208
273 40
156 273
0 0
0 0
0 0
0 0
2716 1036
0 0
0 0
0 0
0 0
0 0
0 0
0 0
0 0
0 0
0 0
0 0
0 0
0 0
0 0
0 0
143 91
0 0
0 0
0 0
0 0
0 0
271 144
0 0
68 0
0 0
843 406
0 0
0 0
0 0
831 462
271 144
0 0
0 0
0 0
0 0
0 0
0 0
271 144
0 0
0 0
0 0
271 144
0 0
0 0
323 156
0 0
865 444
6510 3317
883 78388
0 0
0 0
0 0
0 0
0 0
0 0
0 0
0 0
0 0
32629 1014156
35565 3245100
2444 1316
4413 33994
4364 8554
8551 7634
774 432
21440 84243
36356 518968
14246 91177
1099 496
24027 3570
15850 1803032
1040 117488
0 0
0 0
0 0
0 0
6308 584325
0 0
0 0
0 0
0 0
4578 706184
12356 1263452
0 0
0 0
0 0
4361 2578
2795 3644
1450 397
0 0
2604 36128
3717 507140
0 0
17131 1952114
0 0
0 0
0 0
0 0
857 451
0 0
0 0
0 0
0 0
0 0
12896 1679148
0 0
4069 576133
0 0
0 0
0 0
0 0
0 0
0 0
0 0
8269 1572495
835 397
0 0
0 0
0 0
0 0
0 0
0 0
0 0
0 0
0 0
0 0
0 0
0 0
2433 1103
0 0
0 0
0 0
0 0
0 0
0 0
0 0
0 0
0 0
0 0
218 262
0 0
0 0
0 0
0 0
0 0
286 286
0 0
143 143
0 0
0 0
76 0
419 364
0 52
0 0
0 0
926 532
0 0
0 0
841 451
0 0
76 0
0 0
0 0
0 0
0 0
0 0
0 0
0 0
0 0
0 0
76 0
0 0
0 0
0 0
0 0
0 0
0 0
0 0
0 0
0 0
1236 936
683 651
5619 13352
0 0
0 0
0 0
0 0
135 0
970 586
0 0
0 0
0 0
0 0
0 0
0 0
841 397
0 0
0 0
0 0
0 0
0 0
0 0
0 0
0 0
286 182
180 104
143 91
0 0
0 0
0 0
0 0
0 0
0 0
0 0
0 0
7557 33037
0 0
0 0
0 0
0 0
0 0
7982 876
14440 581370
33726 1090945
28008 3923709
6016 245671
1277 401
0 0
4715 1184
1703 848
180 104
10201 1778280
921 451
2381 687
19188 1292
0 0
0 0
0 0
0 0
14145 1305752
0 0
2879 209143
0 0
52 52
10821 1348263
0 0
0 0
0 0
0 0
836 397
0 0
2838 2365
0 0
2434 1445
0 0
1017 524
0 0
837 397
0 0
0 0
0 0
0 0
861 451
0 0
0 0
0 0
0 0
0 0
0 0
0 0
1082 524
0 0
0 0
0 0
0 0
0 0
0 0
0 0
0 0
345 587
0 0
0 0
286 234
143 143
143 143
0 0
8515 70838
11106 5646
388 964
0 0
0 0
0 0
0 0
435 52
3459 22513
0 0
0 0
239 52
128 187
3933 32274
150 98
12260 11974
23451 1200736
21150 1206732
54154 2241931
4480 246804
0 0
2480 2166
3709 900
2047 153687
12315 1907317
2030 50210
3520 82193
2864 7295
2541 260098
0 0
2758 4397
1938 35534
12057 1954339
0 0
0 0
0 0
19541 1580
0 0
0 0
3862 349831
8692 1565912
1508 377713
891 397
0 0
0 0
0 0
0 0
0 0
888 397
0 0
12008 1701551
180 52
0 0
0 0
0 0
4195 365601
143 143
0 0
8761 1500683
143 143
0 0
0 0
3389 363344
5876 1433546
3223 668
0 0
285 104
0 0
0 0
11912 2295181
0 0
0 0
0 0
180 52
286 286
0 0
0 0
11709 1466336
143 143
143 143
143 143
10825 1516929
0 0
0 0
2920 175369
2654 542
143 616
11021 1907073
892 397
0 0
0 0
0 0
0 0
0 0
0 0
1342 94811
0 0
0 0
0 0
0 0
0 0
0 0
0 0
0 0
2593 4831
0 0
0 0
0 0
271 144
0 0
0 0
0 0
2212 808
0 0
0 0
875 451
0 0
0 0
143 91
0 0
0 0
0 0
0 0
0 0
0 0
0 0
0 0
0 0
892 397
0 0
0 0
2625 4461
111 434
286 182
0 0
0 0
0 0
685 339
143 91
143 91
0 0
0 0
0 0
0 0
143 91
857 451
0 0
0 0
0 0
0 0
0 0
0 0
0 0
1888 616
143 143
0 0
0 0
0 0
0 0
0 0
0 0
0 0
0 0
0 0
0 0
146 118
60 0
0 0
955 397
3147 9733
848 4620
23364 93530
37610 209357
5792 38562
0 0
983 586
0 0
0 0
0 0
0 0
60 0
2079 216
52163 1682388
25644 2732938
7420 406269
11549 1268634
2356 2755
6929 8294
1911 1969
0 0
3553 1673
0 0
5869 7343
16807 1191
0 0
0 0
2227 56972
3015 1153
0 0
0 0
0 0
0 0
832 397
0 0
0 0
3139 1153
5006 428701
0 0
883 397
0 0
3462 2032
2748 3518
3936 553
8827 26767
0 0
0 0
2461 179549
0 0
4208 30487
0 0
12732 72715
28150 1950858
14270 2288203
30870 15924
3104 295292
2431 1602
3128 1028
0 0
0 0
195 195
14928 1798730
207 632
0 0
0 0
21368 1614894
3628 211644
0 0
0 0
0 0
0 0
17718 1854886
247 195
195 195
195 195
14811 2118942
0 0
0 0
0 0
0 0
21254 2458224
993 397
0 0
0 0
0 0
0 0
0 0
0 0
9188 1796632
3008 321998
0 0
3897 1119
0 0
0 0
0 0
3106 449620
13810 1968584
0 0
0 0
0 0
0 0
13352 2119670
143 143
143 143
0 0
0 0
14556 2119566
0 0
0 0
0 0
4666 450813
10148 1691134
91 143
52 0
14447 2120073
143 143
0 0
0 0
8308 1464604
1223 559
0 0
2380 451
13784 2103954
0 0
345 587
3054 441357
0 0
14392 2096927
180 52
0 0
143 91
323 143
12116 1747904
0 0
0 0
0 0
888 397
0 0
0 0
0 0
20367 2551692
0 0
0 0
0 0
0 0
0 0
0 0
0 0
0 0
0 0
14188 2118942
874 451
0 0
0 0
0 0
0 0
0 0
0 0
0 0
16344 2107864
143 91
143 91
180 104
0 0
0 0
0 0
0 0
180 52
0 0
14971 2559175
0 0
143 91
271 144
143 91
143 91
0 0
893 397
0 0
0 0
0 0
15816 2120242
875 451
0 0
271 144
271 144
0 0
323 104
0 0
0 0
0 0
17796 1846263
0 0
0 0
0 0
0 0
0 0
0 0
0 0
0 0
0 0
1664 18240
22367 2512214
0 0
0 0
1967 852
0 0
0 0
0 0
0 0
0 0
0 0
875 451
0 0
0 0
542 288
0 0
889 397
14600 2044135
0 0
0 0
0 0
0 0
0 0
0 0
271 144
0 0
271 144
219 104
0 0
0 0
0 0
0 0
3692 453692
0 0
0 0
0 0
0 0
0 0
76 0
0 0
0 0
875 451
0 0
0 0
0 0
0 0
0 0
0 0
76 0
0 0
0 0
0 0
0 0
0 0
0 0
0 0
893 397
0 0
76 0
0 0
0 0
0 0
0 0
0 0
0 0
0 0
0 0
0 0
76 0
0 0
0 0
793 104
155 630
0 0
0 0
0 0
0 0
0 0
0 0
0 0
0 0
0 0
0 0
0 0
0 0
0 0
0 0
0 0
0 0
0 0
0 0
0 0
0 0
0 0
0 0
0 0
998 397
0 0
0 0
0 0
139 135
961 451
0 0
4463 109763
0 0
0 0
0 0
0 0
0 0
0 0
0 0
0 0
0 0
0 0
0 0
2384 668
419 416
0 0
0 0
0 0
0 0
0 0
4564 312
519 79847
0 0
0 0
0 0
0 0
0 0
0 0
0 0
962 451
0 0
35174 2037140
36645 1551806
6423 791748
5083 2372
2347 180868
0 0
4697 1132
0 0
2056 975
1386 2935
1655 705
3943 6362
19446 1292
0 0
0 0
0 0
1183 524
0 0
0 0
0 0
896 450
0 0
0 0
1094 524
0 0
0 0
0 0
0 0
0 0
6509 5680
937 397
46308 4277813
31501 3386120
19314 4038701
37339 5436461
7912 1485369
0 0
30835 3775138
899 451
19316 21219
972 869
920 451
2198 501
0 0
0 0
0 0
0 0
1081 524
0 0
0 0
831 397
0 0
0 0
0 0
0 0
1094 524
0 0
0 0
0 0
286 234
1759 794
143 143
7558 6429
3582 18645
0 0
0 0
0 0
3359 104
19092 714236
16596 1076111
28391 1945228
42036 525937
3908 25305
0 0
2951 555
0 0
858 397
4689 706080
6180 1306035
0 0
1100 1404
0 0
3011 289311
10397 1664419
10751 980
0 0
866 397
0 0
8461 1631860
208 72801
143 143
345 587
3324 424862
0 0
12514 1749697
1355 564
1043 397
2359 240059
4891 680164
5524 1222082
0 0
0 0
0 0
0 0
13927 1981395
0 0
0 0
3585 414142
9011 640184
9780 1192341
0 0
0 0
0 0
0 0
13043 1735764
1510 564
0 0
0 0
3345 96515
12908 1964538
143 91
286 286
5637 404757
0 0
180 52
0 0
0 0
22471 2112599
0 0
286 286
572 572
0 0
0 0
8591 1650216
1360 114691
0 0
0 0
3377 381599
7592 621959
3692 967347
0 0
0 0
0 0
0 0
13075 1951582
0 0
180 52
0 0
3235 342580
12027 1672485
0 0
1376 512
3533 418964
0 0
180 52
0 0
11219 1709943
0 0
869 397
0 0
0 0
0 0
0 0
0 0
0 0
0 0
0 0
14714 1905236
873 451
0 0
0 0
271 104
271 144
0 0
0 0
0 0
0 0
0 0
0 0
1610 746
0 0
0 0
0 0
0 0
180 104
0 0
0 0
286 182
572 364
0 0
0 0
0 0
0 0
0 0
0 0
0 0
0 0
0 0
1635 705
0 0
0 0
0 0
271 144
0 0
0 0
0 0
0 0
0 0
0 0
0 0
0 0
0 0
0 0
0 0
143 91
0 0
0 0
2843 4791
0 0
0 0
0 0
0 0
0 0
0 0
0 0
0 0
0 0
0 0
855 451
0 0
0 0
0 0
0 0
490 208
0 0
1354 704
0 0
0 0
869 397
0 0
0 0
989 584
813 432
0 0
0 0
0 0
0 0
0 0
0 0
0 0
0 0
0 0
0 0
0 0
0 0
0 0
0 0
0 0
855 451
0 0
0 0
0 0
0 0
2131 616
0 0
0 0
0 0
410 279
0 0
0 0
0 0
0 0
0 0
0 0
0 0
0 0
0 0
0 0
879 488
0 0
0 0
0 0
0 0
685 638
4478 312
1923 77098
0 0
0 0
959 451
0 0
0 0
4576 772
0 0
0 0
17192 595973
26750 1109098
18863 1202929
2457 1310
897 451
0 0
4686 1184
0 0
0 0
0 0
1692 800
3780 6414
18629 1292
0 0
1761 66695
0 0
1435 564
0 0
0 0
0 0
831 397
0 0
6358 5735
0 0
9984 39023
7129 824
0 0
0 0
0 0
0 0
824 397
8029 71559
26611 1325617
24619 3026447
2863 1315
0 0
0 0
4917 1184
0 0
684 52
2653 321673
2823 82427
8028 1728582
32793 907016
16536 2241246
3744 1075843
0 0
0 0
0 0
848 397
0 0
1012 451
0 0
2114 668
0 0
0 0
0 0
0 0
0 0
833 397
143 143
2680 2170
0 0
1350 397
0 0
0 0
4718 22967
0 0
0 0
0 0
0 0
3514 208
6197 32340
30776 1166718
3639 61782
21653 1464714
37027 309456
18131 1995652
0 0
3665 952
0 0
0 0
0 0
1056 515
1399 924
0 0
0 0
3424 363722
18580 1682249
3784 1481
0 0
0 0
143 143
0 0
0 0
4576 498348
5096 1185079
345 587
0 0
864 397
0 0
3341 387353
0 0
0 0
0 0
0 0
12716 1673710
0 0
0 0
0 0
868 397
0 0
3222 616
14417 1689076
0 0
0 0
180 52
3814 383342
0 0
143 91
0 0
9709 1149603
5934 603618
0 0
0 0
0 0
0 0
634 86119
0 0
10074 1790893
180 52
3569 373567
0 0
143 143
0 0
286 286
0 0
2716 904
0 0
15294 1826371
0 0
0 0
143 143
868 451
0 0
0 0
0 0
11932 2279800
0 0
0 0
1011 488
0 0
0 0
0 0
0 0
0 0
10246 1891770
0 0
180 52
0 0
180 52
2699 210372
728 154691
0 0
0 0
11764 1720134
0 0
0 0
52 52
0 0
0 0
0 0
271 104
870 451
0 0
0 0
3427 375241
0 0
7847 1307936
3095 453927
0 0
0 0
0 0
0 0
52 52
143 143
0 0
329 332
0 0
323 143
871 397
143 91
0 0
286 182
0 0
0 0
0 0
0 0
8059 15707
13043 1580011
143 91
0 0
0 0
1142 595
0 0
3263 211444
0 0
0 0
0 0
0 0
0 0
0 0
0 0
52 52
0 0
0 0
0 0
0 0
0 0
0 0
0 0
0 0
0 0
0 0
0 0
0 0
0 0
0 0
0 0
0 0
952 589
0 0
0 0
1142 595
0 0
0 0
0 0
0 0
0 0
0 0
0 0
0 0
0 0
0 0
414 235
52 52
271 144
594 300
0 0
0 0
0 0
0 0
0 0
0 0
271 104
0 0
0 0
0 0
52 52
0 0
0 0
0 0
0 0
853 451
0 0
0 0
0 0
0 0
0 0
0 0
3299 4064
0 0
0 0
139 83
0 52
0 0
0 0
0 0
0 0
0 0
0 0
0 0
0 0
0 0
0 0
0 0
0 0
283 0
923 68342
60 0
60 0
359 416
0 0
846 451
0 0
0 0
0 0
0 0
0 0
0 0
0 0
4222 7535
360 394
0 0
0 0
0 0
0 0
0 0
0 0
0 0
1091 397
0 0
0 0
0 0
0 0
0 0
0 0
0 0
0 0
0 0
180 104
0 0
0 0
846 451
0 0
0 0
0 0
0 0
0 0
195 143
0 0
9297 74705
0 0
0 0
0 0
0 0
0 0
0 0
0 0
1548 512
0 0
21010 681005
32949 1651507
1979 852
3121 1574
2497 162945
5596 1251
143 473
0 0
3132 1153
851 397
904 451
3984 6361
1810 67175
0 0
0 0
11686 397
8000 2185
0 0
143 143
0 0
0 0
0 0
1602 20747
4800 1309
2758 27784
0 0
0 0
0 0
0 0
0 0
0 0
5985 312
23765 977110
51492 1226778
0 0
2634 222855
11672 1877382
9190 6281
873 397
0 0
0 0
0 0
917 451
0 0
0 0
2582 255132
0 0
10011 1158
877 397
0 0
0 0
0 0
15876 1878206
0 0
0 0
3155 351180
345 587
0 0
1023 540
143 143
0 0
143 143
19244 1920149
0 0
0 0
0 0
0 0
0 0
0 0
143 143
0 0
3156 350375
862 451
0 0
0 0
3100 0
18875 1827307
1021 488
4882 14863
0 0
0 0
0 0
143 143
0 0
0 0
3411 357871
0 0
11993 1373804
7948 655574
0 0
307 3864
143 143
0 0
264 2284
0 0
286 286
0 0
0 0
0 0
0 0
219 104
3468 367677
2714 1303
10082 1979593
0 0
0 0
3054 264702
0 0
0 0
0 0
0 0
0 0
0 0
0 0
0 0
2896 289892
323 195
1024 488
0 0
7042 878815
0 0
0 0
0 0
2192 668
0 0
0 0
0 0
143 91
0 0
0 0
0 0
219 104
864 451
0 0
0 0
0 0
68 0
0 0
180 104
0 0
143 91
0 0
0 0
0 0
0 0
0 0
0 0
0 0
180 52
0 0
0 0
0 0
0 0
286 182
0 0
0 0
0 0
882 397
0 0
1833 348
143 408
0 0
847 451
0 0
143 143
0 0
0 0
0 0
0 0
0 0
0 0
542 288
0 0
0 0
271 144
0 0
0 0
0 0
0 0
0 0
0 0
0 0
271 144
0 0
0 0
0 0
0 0
1129 104
143 408
0 0
0 0
0 0
846 451
0 0
271 144
0 0
0 0
881 397
0 0
0 0
0 0
0 0
0 0
0 0
0 0
0 0
0 0
0 0
542 288
0 0
0 0
0 0
0 0
0 0
0 0
1987 616
0 0
0 0
0 0
0 0
0 0
0 0
847 451
143 91
0 0
0 0
0 0
4559 0
143 2215
0 0
0 0
0 0
0 0
87 135
0 0
180 104
0 0
6184 23165
0 0
0 0
0 0
0 0
3516 208
571 102935
0 0
31795 1045874
15196 819367
55605 1706702
8026 774372
247 491
0 0
4769 1184
1999 629
0 0
0 0
1881 902
4744 6811
0 0
2017 629
0 0
12601 1032
0 0
0 0
0 0
4366 3374
0 52
899 397
0 0
992 397
0 0
0 0
34606 800507
36744 2286813
1142 399
3066 1574
1797 848
5561 1184
299 524
0 0
0 0
0 0
3998 607
442 869
0 0
0 0
22608 1741
0 0
1079 524
0 0
3672 2244
2807 3579
0 0
22467 686522
14562 921410
1494 27204
19399 2089755
0 0
5598 2630
0 0
0 0
2538 141803
0 0
0 0
2898 307406
3336 315636
14884 1799090
0 0
0 0
0 0
0 0
987 397
0 0
0 0
0 0
0 0
3196 416249
0 0
12552 1891930
11343 980
0 0
886 397
0 0
0 0
143 143
0 0
866 451
0 0
0 0
0 0
13132 1767122
3537 392965
0 0
143 143
0 0
0 0
218 262
0 0
0 0
0 0
0 0
0 0
0 0
0 0
11069 1870596
0 0
3704 411631
0 0
0 0
0 0
0 0
143 143
143 143
887 397
0 0
0 0
14129 2028650
345 587
0 0
0 0
143 91
3624 393659
0 0
0 0
180 52
0 0
0 0
76 0
0 0
11726 2090695
0 0
0 0
0 0
0 0
0 0
0 0
3472 430649
0 0
0 0
0 0
0 0
0 0
143 91
0 0
8171 1476313
0 0
950 739
180 52
0 0
180 52
429 273
0 0
143 91
885 397
0 0
0 0
0 0
0 0
0 0
0 0
0 0
0 0
0 0
0 0
0 0
0 0
0 0
0 0
0 0
143 91
143 91
0 0
0 0
0 0
286 182
0 0
850 451
0 0
143 91
0 0
0 0
0 0
0 0
0 0
2167 2861
0 0
0 0
0 0
0 0
0 0
0 0
0 0
0 0
1119 397
0 0
1896 564
271 144
0 0
0 0
0 0
0 0
0 0
0 0
813 444
0 0
271 144
850 451
0 0
0 0
0 0
0 0
0 0
0 0
0 0
0 0
0 0
963 59898
0 0
0 0
0 0
0 0
0 0
0 0
542 288
0 0
0 0
0 0
0 0
2677 636
143 408
0 0
0 0
0 0
888 397
0 0
0 0
851 451
0 0
0 0
1196 512
0 0
0 0
0 0
143 143
0 0
0 0
0 0
0 0
0 0
0 0
0 0
0 0
0 0
0 0
0 0
0 0
7527 520
610 80377
0 0
180 104
0 0
0 0
0 0
0 0
0 0
0 0
955 451
28598 1113146
39807 1704933
1232 401
3117 1574
2518 181180
2625 208
2938 1373
0 0
1839 1012
2643 39527
911 451
4035 2321
0 0
0 0
0 0
0 0
20520 1816
0 0
829 397
0 0
0 0
0 0
0 0
1187 524
0 0
0 0
0 0
87 135
830 397
6269 5697
0 0
21848 548589
35172 2171956
1398 399
2953 1574
143 91
3585 952
4840 1639
0 0
892 451
0 0
909 451
5393 1654
60 0
0 0
16207 580
1273 1369
3080 1153
0 0
0 0
917 397
0 0
10802 24659
0 0
0 0
0 0
19564 489588
66040 2317183
4166 18514
2966 247748
0 0
0 0
2829 555
0 0
0 0
0 0
918 451
0 0
858 397
3083 283926
16099 2086537
0 0
10667 932
0 0
0 0
0 0
0 0
0 0
857 397
0 0
3656 409940
0 0
0 0
0 0
0 0
0 0
0 0
0 0
14039 1994602
0 0
143 143
0 0
143 143
0 0
0 0
3397 396813
862 451
0 0
0 0
0 0
0 0
3584 568
0 52
0 0
0 0
0 0
16207 2027451
0 0
0 0
3397 387137
234 286
52 0
0 0
0 0
0 0
180 52
1574 1060
143 91
0 0
180 52
0 0
0 0
0 0
14856 2065401
0 0
4045 394561
2638 915
0 0
0 0
0 0
0 0
0 0
0 0
0 0
0 0
0 0
0 0
2469 132590
11640 1879110
3053 234477
3761 387116
0 0
0 0
0 0
0 0
0 0
180 52
0 0
232 156
143 91
345 587
13149 1788455
0 0
0 0
0 0
3450 392001
1636 705
1876 568
0 0
0 0
0 0
14470 2080319
0 0
0 0
0 0
0 0
0 0
0 0
0 0
286 182
271 144
271 144
180 104
0 0
0 0
429 273
0 0
0 0
3346 395959
0 0
0 0
0 0
0 0
0 0
0 0
0 0
867 451
2803 4648
111 394
0 0
0 0
0 0
0 0
0 0
15508 2075021
0 0
875 488
0 0
195 143
0 0
0 0
0 0
271 144
0 0
271 144
0 0
0 0
1422 0
2184 402916
0 0
0 0
0 0
0 0
0 0
0 0
0 0
971 451
0 0
0 0
0 0
0 0
0 0
542 288
0 0
0 0
0 0
0 0
0 0
542 288
1805 144
14236 2012514
0 0
0 0
0 0
0 0
0 0
1044 685
5528 399786
0 0
0 0
0 0
2442 4397
111 394
0 0
0 0
0 0
867 451
0 0
0 0
0 0
0 0
0 0
0 0
0 0
9438 1743814
0 0
0 0
143 91
0 0
0 0
0 0
0 0
0 0
0 0
0 0
0 0
0 0
0 0
3502 394904
1350 656
0 52
0 0
0 0
0 0
0 0
15022 2060890
1730 796
0 0
0 0
0 0
0 0
0 0
0 0
0 0
0 0
0 0
0 0
0 0
0 0
0 0
0 0
0 0
0 0
0 0
0 0
0 0
12482 1276412
6962 602942
3801 395661
0 0
0 0
0 0
0 0
0 0
0 0
0 0
868 451
0 0
0 0
0 0
271 144
0 0
0 0
0 0
0 0
0 0
863 397
0 0
0 0
0 0
0 0
0 0
0 0
0 0
1871 568
89 0
52 137
139 83
18654 352934
0 0
0 0
0 0
0 0
8582 1013801
0 0
0 0
868 451
0 0
0 0
0 0
0 0
0 0
146 118
60 0
0 0
60 0
0 0
0 0
0 0
60 0
0 0
0 0
0 0
0 0
0 0
0 0
864 397
60 0
0 0
0 0
0 0
0 0
251 60
2153 7216
2268 6815
0 92
3301 3037
1911 1929
0 0
0 0
0 0
142 186
0 0
0 0
0 0
0 0
0 0
0 0
0 0
0 0
0 0
0 0
0 0
0 0
0 0
0 0
0 0
0 0
0 0
0 0
0 0
0 0
0 0
0 0
0 0
0 0
1713 796
0 0
0 0
0 0
0 0
0 0
0 0
0 0
0 0
0 0
0 0
0 0
0 0
0 0
0 0
0 0
0 0
0 0
0 0
0 0
0 0
0 0
0 0
0 0
0 0
0 0
0 0
0 0
0 0
0 0
850 451
0 0
0 0
0 0
0 0
0 0
0 0
0 0
0 0
1880 620
864 397
0 0
0 0
0 0
0 0
0 0
0 0
0 0
0 0
0 0
0 0
0 0
0 0
180 104
345 587
0 0
0 0
0 0
0 0
0 0
849 451
0 0
0 0
0 0
0 0
4695 2443
0 0
0 0
0 0
0 0
0 0
0 0
0 0
0 0
0 0
7361 18269
0 0
0 0
0 0
0 0
4864 105281
0 0
3106 208
38023 1419345
28772 794722
55190 1478959
6502 6551
0 0
8248 494158
0 0
0 0
1003 524
1693 33324
5840 3241
0 0
897 405
0 0
0 0
13014 1042
1073 524
0 0
0 0
0 0
0 0
0 0
903 405
0 0
0 0
1048 615
0 0
0 0
5965 4644
299 913
2033 921
0 0
903 405
42162 1828721
20094 1526308
1088 531
2649 159481
3143 278496
4702 1199
898 405
894 460
0 0
0 0
24496 2263
0 52
0 0
0 0
0 0
0 0
902 405
0 0
0 0
0 0
0 0
0 0
0 0
0 0
0 0
0 0
1202 782
338 286
3035 2236
0 0
5907 3899
17645 1500369
0 0
0 0
2793 242118
2332 2088
2819 564
11681 1816773
0 0
0 0
0 0
11089 764
143 418
3001 318496
0 0
0 0
0 0
878 405
0 0
0 0
0 0
0 0
0 0
15419 2337899
0 0
0 0
0 0
880 405
286 286
143 143
143 143
0 0
0 0
0 0
0 0
1130 0
143 574
866 460
0 0
19828 2295368
0 0
0 0
0 0
0 0
0 0
0 0
0 0
0 0
0 0
0 0
0 0
0 0
180 104
0 0
7060 981231
5928 1382379
143 91
0 0
143 143
0 0
0 0
180 52
0 0
1270 247
286 561
0 0
0 0
17020 2055942
0 0
6223 498871
260 9500
0 0
0 0
0 0
0 0
0 0
0 0
0 0
0 0
0 0
0 0
0 0
10995 1650793
4027 475304
2553 4751
180 92
346 279
2319 717
143 91
0 0
0 0
0 0
0 0
0 0
0 0
0 0
0 0
866 460
16536 1864726
3160 381286
0 0
0 0
0 0
0 0
0 0
0 0
0 0
882 405
542 288
594 300
271 144
10248 1588015
0 0
0 0
0 0
0 0
0 0
143 91
0 0
0 0
0 0
355 364
1951 86140
143 91
0 0
0 0
0 0
867 460
143 91
0 0
0 0
0 0
0 0
0 0
0 0
0 0
0 0
0 0
0 0
0 0
271 144
219 104
271 144
0 0
0 0
0 0
0 0
882 405
0 0
0 0
1775 522
0 52
0 0
0 0
0 0
0 0
0 0
848 460
0 0
0 0
0 0
0 0
0 0
0 0
0 0
0 0
0 0
0 0
0 0
0 0
0 0
271 104
0 0
0 0
0 0
1129 104
685 758
0 0
0 0
0 0
0 0
0 0
0 0
0 0
0 0
0 0
0 0
1828 908
0 0
0 0
0 0
0 0
0 0
0 0
0 0
0 0
0 0
0 0
0 0
0 0
0 0
0 0
0 0
1832 0
247 626
0 0
0 0
0 0
345 587
0 0
0 0
0 0
0 0
0 0
0 0
0 0
0 0
953 460
0 0
0 0
0 0
1192 522
0 0
0 0
0 0
0 0
0 0
884 405
0 0
0 0
0 0
2040 208
143 470
0 0
0 0
0 0
0 0
0 0
180 104
4675 600
634 87411
0 0
0 0
0 0
0 0
0 0
0 0
954 461
0 0
31908 1071770
11782 396960
1535 785
18546 1327447
6420 381895
5578 1607
0 0
0 0
2693 67689
6054 341794
5020 2783
19899 1302
0 0
0 0
0 0
826 406
0 0
0 0
8385 525605
0 0
0 0
0 0
0 0
0 0
0 0
830 406
0 0
0 0
5638 23355
2360 2335
22206 1994468
0 0
0 0
1416 0
2704 494704
0 0
0 0
0 0
0 0
0 0
951 462
0 0
0 0
0 0
0 0
0 0
0 0
0 0
3912 499832
0 0
0 0
0 0
0 0
0 0
0 0
0 0
935 406
0 0
0 0
286 286
195 143
0 0
0 0
8154 1330397
0 0
188 110
2656 4681
0 0
0 0
0 0
2559 1176
0 0
0 0
0 0
0 0
0 0
0 0
0 0
0 0
0 0
0 0
0 0
0 0
0 0
0 0
0 0
0 0
143 143
143 143
143 143
0 0
0 0
0 0
0 0
0 0
0 0
832 406
0 0
0 0
0 0
831 462
0 0
0 0
0 0
0 0
0 0
0 0
0 0
0 0
0 0
0 0
0 0
0 0
0 0
0 0
180 104
0 0
0 0
286 182
143 91
0 0
0 0
0 0
0 0
0 0
0 0
0 0
0 0
0 0
0 0
832 462
0 0
0 0
0 0
0 0
0 0
832 406
0 0
139 135
0 0
0 0
0 0
0 0
180 104
0 0
0 0
143 91
143 91
143 91
0 0
0 0
0 0
0 0
0 0
0 0
0 0
0 0
0 0
0 0
0 0
833 462
0 0
0 0
0 0
0 0
0 0
8401 53748
0 0
0 0
0 0
0 0
271 144
776 626
10882 366751
33640 1997834
1877 6263
3014 1528
8889 1900323
1712 868
4710 1201
0 0
3278 321301
0 0
911 462
27173 1989
9745 1912724
0 0
0 0
826 406
0 0
0 0
3747 493548
52 7545
0 0
0 0
0 0
13901 2022331
0 0
826 406
1629 772
0 0
0 0
6266 5648
0 0
2037 973
3647 18705
3105 3184
6760 869
6297 31383
16636 611637
10108 687127
10637 282127
36419 948471
0 0
0 0
2831 567
6923 1329320
3009 318947
0 0
1684 727
0 0
0 0
0 0
0 0
7702 834
0 0
0 0
3894 483841
10459 2056993
860 407
0 0
0 0
2880 5077
143 183
143 143
1272 522
0 0
0 0
0 0
861 407
0 0
0 0
0 0
4107 486805
0 0
0 0
0 0
9715 1593688
4214 244405
862 463
0 0
0 0
0 0
0 0
0 0
0 0
0 0
3739 485260
0 0
345 587
0 0
0 0
143 143
1460 717
12710 1951581
860 407
0 0
0 0
0 0
338 286
286 286
0 0
3843 486333
0 0
0 0
0 0
1831 100719
0 0
0 0
863 463
0 0
0 0
0 0
18000 1967566
0 0
0 0
0 0
3531 480479
0 0
0 0
286 182
2868 1005
143 91
0 0
0 0
0 0
0 0
0 0
0 0
0 0
0 0
0 0
14962 2318746
0 0
0 0
864 407
0 0
0 0
0 0
866 463
0 0
0 0
0 0
0 0
0 0
0 0
0 0
0 0
0 0
0 0
3220 498781
143 91
143 91
143 91
180 104
0 0
3910 603860
3003 728676
286 182
0 0
0 0
0 0
0 0
0 0
143 91
0 0
0 0
0 0
0 0
867 463
0 0
0 0
0 0
0 0
542 288
1138 511
271 144
0 0
0 0
329 332
0 0
0 0
0 0
0 0
0 0
0 0
0 0
0 0
0 0
0 0
6521 11964
0 0
0 0
0 0
0 0
0 0
0 0
0 0
0 0
927 655
0 0
0 0
0 0
0 0
271 144
0 0
542 288
0 0
0 0
0 0
0 0
271 144
542 288
0 0
0 0
868 407
0 0
0 0
0 0
0 0
0 0
0 0
0 0
143 91
0 0
0 0
0 0
0 0
0 0
848 463
0 0
0 0
0 0
0 0
0 0
0 0
0 0
0 0
136 0
136 0
272 0
136 0
136 0
136 0
180 0
90 0
90 0
90 0
90 0
0 0
0 0
0 0
0 0
0 0
0 0
867 407
0 0
0 0
0 0
847 463
0 0
0 0
0 0
0 0
0 0
0 0
0 0
0 0
139 135
0 0
0 0
0 0
180 104
0 0
0 0
0 0
323 156
0 0
1896 574
0 0
0 0
0 0
0 0
0 0
0 0
0 0
0 0
0 0
0 0
3536 18895
0 0
4476 312
155 2037
2043 7246
0 0
1200 407
0 0
0 0
0 0
0 0
0 0
7022 21980
60 0
60 0
0 0
60 0
3511 208
363 108484
0 0
36058 1260969
16822 129996
64737 2381548
6619 48173
1179 399
0 0
7887 2178
0 0
60 0
1001 407
2091 926
7299 3486
0 0
251 60
168 356
2132 2358
19848 4800
0 0
0 0
1898 814
142 186
22009 535013
40935 1863390
2310 183117
3014 1586
2549 181284
0 0
4729 1208
0 0
859 52
1091 935
1781 727
2209 501
0 0
0 0
248 283
2309 4508
20743 1826
195 195
0 0
0 0
904 407
0 0
195 195
1033 472
0 52
0 0
0 0
0 0
0 0
6329 5568
1010 407
15400 185642
35301 3012782
0 0
0 0
2903 240614
2647 2096
2793 567
1124 550
910 463
0 0
25540 81945
1269 11283
3543 2003
2799 293078
0 0
0 0
21717 1790731
884 407
0 0
0 0
0 0
0 0
2554 4791
0 0
3164 409990
0 0
15975 1732340
885 407
1733 103482
0 0
143 143
0 0
0 0
0 0
0 0
0 0
11947 1480812
3468 259246
4186 400234
0 0
0 0
0 0
0 0
0 0
143 91
7612 1091790
9332 779704
0 0
0 0
143 91
4804 14889
0 0
885 407
0 0
3113 404018
243 2559
0 0
8181 1339734
7286 727278
143 143
0 0
0 0
0 0
952 6125
360 104
143 91
180 52
0 0
4137 409587
0 0
11517 1734695
0 0
0 0
0 0
0 0
0 0
0 0
0 0
0 0
0 0
0 0
0 0
18833 2016194
0 0
3061 381249
180 52
143 143
143 91
0 0
323 143
0 0
0 0
2954 5238
0 0
0 0
0 0
7589 1192758
7920 635146
4255 273615
0 0
0 0
0 0
0 0
271 144
0 0
0 0
1510 52
2652 681145
0 0
0 0
0 0
0 0
0 0
0 0
0 0
0 0
182 0
195 182
52 91
271 144
0 0
182 0
104 182
0 0
2018 862
0 0
0 0
0 0
870 463
0 0
0 0
0 0
884 407
0 0
0 0
0 0
0 0
0 0
0 0
1276 766
0 0
271 144
0 0
271 144
0 0
0 0
0 0
0 0
0 0
0 0
0 0
0 0
1270 522
0 0
91 0
52 143
0 0
0 0
851 463
0 0
0 0
0 0
0 0
0 0
0 0
0 0
0 0
0 0
0 0
0 0
0 0
813 432
887 407
0 0
0 0
0 0
542 288
0 0
0 0
0 0
1317 574
0 0
0 0
0 0
0 0
0 0
0 0
0 0
852 463
0 0
0 0
0 0
0 0
0 0
0 0
0 0
0 0
0 0
0 0
0 0
0 0
0 0
0 0
0 0
0 0
0 0
0 0
139 135
0 0
0 0
0 0
0 0
888 407
0 0
143 91
0 0
0 0
0 0
852 463
0 0
0 0
0 0
4742 364
479 74853
0 0
0 0
0 0
0 0
0 0
0 0
0 0
0 0
0 0
45814 1546550
22619 2058820
4261 1988
0 0
0 0
7063 19140
0 0
0 0
3200 322369
821 407
16241 1859566
247 752
0 0
0 0
0 0
17043 1198
1072 524
0 0
8602 1057432
1704 814
0 0
0 0
0 0
0 0
0 0
0 0
0 0
0 0
6168 4209
1499 2487
1907 973
1077 524
0 0
271 144
0 0
0 0
0 0
0 0
0 0
0 0
851 463
0 0
0 0
0 0
827 407
0 0
0 0
1040 524
0 0
0 0
0 0
0 0
3867 5016
0 0
25472 315403
5338 304276
20270 885663
35168 6071
3915 209393
143 143
4153 974
0 0
0 0
0 0
941 463
22964 1824875
2801 261676
0 0
0 0
10056 939
859 407
0 0
0 0
0 0
0 0
0 0
0 0
0 0
3166 352440
0 0
930 407
0 0
0 0
2731 4397
111 394
5831 947780
3808 1037413
0 0
143 143
0 0
0 0
0 0
0 0
3427 342986
3879 1090
1205 994
0 0
0 0
0 0
0 0
0 0
0 0
2460 4681
0 0
0 0
0 0
0 0
0 0
3323 353853
17327 2063066
143 143
0 0
0 0
338 286
0 0
1835 913
429 377
143 91
0 0
0 0
0 0
180 52
0 0
3079 344969
1006 606
0 0
0 0
0 0
0 0
0 0
0 0
0 0
0 0
0 0
180 52
858 407
0 0
0 0
3167 343109
9671 1861177
0 0
0 0
0 0
1397 915
0 0
0 0
0 0
143 91
0 0
0 0
0 0
0 0
0 0
3168 349940
866 463
0 0
0 0
0 0
9089 1341694
0 0
0 0
0 0
449 889
0 0
0 0
0 0
0 0
0 0
0 0
143 91
503 260
8037 9182
397 697
0 0
286 182
1380 589
3001 4397
111 434
0 0
0 0
0 0
0 0
0 0
0 0
0 0
0 0
0 0
0 0
0 0
0 0
0 0
0 0
0 0
1846 65303
914 463
0 0
0 0
0 0
0 0
0 0
0 0
271 144
0 0
0 0
0 0
0 0
0 0
0 0
0 0
0 0
0 0
0 0
0 0
0 0
0 0
941 599
0 0
0 0
0 0
0 0
0 0
143 143
271 144
0 0
848 463
542 288
0 0
2150 915
271 104
0 0
0 0
0 0
0 0
0 0
0 0
0 0
0 0
0 0
0 0
0 0
0 0
0 0
0 0
0 0
0 0
0 0
0 0
0 0
0 0
0 0
0 0
0 0
143 143
0 0
848 463
2233 1034
0 0
0 0
0 0
0 0
0 0
0 0
0 0
0 0
0 0
0 0
0 0
0 0
0 0
0 0
0 0
0 0
0 0
180 104
87 83
0 52
0 0
0 0
0 0
0 0
143 91
0 0
0 0
2199 627
848 463
0 0
4474 312
467 72460
0 0
0 0
0 0
0 0
0 0
0 0
0 0
965 407
0 0
36390 888223
36018 2218519
6856 213738
0 0
0 0
4714 1209
3729 478233
891 463
1002 524
0 0
1637 727
19672 7508
0 0
0 0
143 91
0 0
876 52
1746 15974
0 0
0 0
822 407
0 0
0 0
0 0
893 52
195 472
0 0
0 0
3164 1048
3170 4654
2424 804
255 524
251 60
25685 614471
18793 2091839
4224 2038
0 0
891 463
8014 1130
442 1509
0 0
927 407
0 0
6340 2078
0 0
0 0
0 0
0 0
3107 1166
14438 991
0 0
1606 459
143 355
0 0
11145 25552
0 0
0 0
0 0
0 0
3656 351
323 31963
12875 434586
21257 1253718
38521 59783
0 0
7697 249538
15710 1747414
2958 567
0 0
0 0
0 0
1046 463
1491 1000
