20766 33497
56681 420034
61172 680195
56034 77553
31975 9297
5975 68496
4076 7236
1266 1445
16983 163040
40228 516313
75557 5393
50743 39433
9470 51107
44666 44058
8337 164325
205 493
36946 265488
167708 1820083
34282 547103
121953 1457438
17072 172478
370 52
1123 830
2136 6850
70948 1536838
4916 3071
56916 1220722
55749 1202626
54254 1481358
16577 228072
3771 2620
33918 7305
17972 124203
69101 739114
55550 1577329
74292 856307
149267 3864658
34273 1358571
50525 1362546
15391 432218
55016 1340014
28443 855277
0 0
51104 1717532
0 0
42628 1636789
5693 179578
0 0
0 0
58299 1804311
69716 1786972
23200 574623
591 317
53759 1794806
0 0
32168 1062177
19198 634158
0 0
0 0
54882 1815100
62608 1807858
1335 1269
0 0
48028 1870275
60 0
2995 22620
97985 1826372
22641 559762
0 0
83068 1841121
46186 939006
32644 896912
0 0
73151 1785502
1235 26249
8441 121453
73599 1690715
1283 1061
0 0
84183 1821714
57441 887461
67115 1528029
692 963
37980 817923
43136 1034971
25087 466239
61840 1315246
422 317
0 0
84416 1713979
137 137
896 666
0 0
91962 1825982
422 422
422 474
422 369
0 0
474 422
52262 1819341
1596 1230
0 0
0 0
22437 575020
84641 1842306
0 0
2643 1728
0 0
93880 1829535
913 763
1186 779
0 0
575 321
16885 258794
76595 1471848
0 0
0 0
1621 1088
95466 1841611
0 0
0 0
0 0
306 422
6195 59458
92027 1612810
422 370
458 442
273 374
43596 753108
64784 1066478
1733 1246
205 221
1251 715
881 663
126766 2413069
676 971
0 0
52 169
39137 784154
49325 1074026
0 0
370 253
0 0
370 305
107549 1809797
997 747
422 305
0 0
82440 1787289
523 954
290 438
474 305
422 253
422 253
77623 1788730
0 0
370 253
1809 1341
69817 1393108
21229 418020
1404 1109
0 0
0 0
776 373
112983 2394924
0 0
0 0
1906 1491
82843 1831603
0 0
137 137
52 0
0 0
64721 1811304
0 0
0 0
0 0
0 0
52815 1221438
18928 591695
0 0
776 663
724 321
58685 1762721
370 253
0 0
0 0
0 0
36650 941837
19331 863984
1827 2089
52 0
0 0
85010 2198891
825 373
153 461
672 321
1283 815
23900 658865
46052 1154998
0 0
0 0
0 0
59311 1796528
724 321
0 0
828 711
776 373
62165 1395234
19236 395169
137 137
52 0
0 0
0 0
0 0
422 305
0 0
0 0
0 0
0 0
1544 1109
0 0
0 0
0 0
0 0
0 0
0 0
0 0
0 0
0 0
189 137
0 0
0 0
0 0
0 0
0 0
0 0
2007 1293
454 265
558 843
0 0
0 0
0 0
0 0
0 0
0 0
0 0
0 0
0 0
253 153
1870 1515
257 445
0 0
960 1108
0 0
410 1002
0 0
0 0
0 0
205 233
0 52
3331 5935
221 1190
0 0
0 0
0 0
0 0
0 0
0 0
4052 2271
189 137
0 0
0 0
0 0
0 0
0 0
0 0
1335 815
0 0
898 0
682 1230
0 0
0 0
0 0
0 0
0 0
0 0
10063 9115
10142 126050
615 851
35599 264401
143966 2083036
17627 92743
142631 2710828
55545 167142
80694 1326419
6504 2438
3308 2707
0 0
0 0
11636 82223
115288 1846058
53967 1256065
13734 238046
92551 2051700
11637 9973
4398 2404
22934 3460
205 317
35429 777026
56862 1875085
0 0
0 0
6527 62928
107741 2009932
153 461
2291 1934
80942 1382917
21294 370913
54961 807459
73884 1211586
26485 463885
53560 1293854
0 0
0 0
71127 1631259
0 0
96035 2303380
0 52
0 0
10878 41790
78873 1904687
663 739
0 0
81169 2108076
0 0
71452 1588631
0 0
0 0
63509 1507207
1404 1020
76103 2181040
0 0
0 0
0 0
0 0
25510 587790
42146 1147771
0 0
86605 2530488
813 1052
50093 1172097
44779 1113909
2638 1991
0 0
19263 448038
48880 1138204
0 0
101794 1791498
0 0
1315 1061
474 474
59921 1423593
39416 890341
24393 405929
7228 151627
0 0
0 0
0 0
306 454
36687 729871
71240 1584971
0 0
458 390
0 0
205 477
0 0
65605 1281793
52988 1047854
0 0
0 0
2525 1833
0 0
0 0
355 416
0 0
0 0
127443 2156542
8840 178841
0 0
137 137
52 0
0 0
0 0
0 0
0 0
615 655
38283 630709
80944 1500679
306 438
2937 1659
205 477
3449 14589
125840 2280366
2041 40061
0 0
1199 944
0 0
523 502
0 52
965 579
221 253
0 0
110601 2000834
22164 334456
257 237
390 273
0 0
0 0
0 0
422 305
0 0
0 0
82891 1402579
0 0
0 0
0 0
46037 831059
55347 1230894
0 0
1879 1330
0 0
0 0
106734 2312683
0 0
153 441
306 538
153 365
0 0
0 0
1331 920
56632 1222360
45461 1026947
0 0
0 0
0 0
0 0
0 0
0 0
110361 2282132
137 137
52 0
205 461
0 0
0 0
0 0
458 390
0 0
0 0
88280 1586421
27423 477390
724 321
0 0
724 321
14837 203183
93847 1812237
672 321
0 0
0 0
0 0
137 137
52 0
0 0
724 321
0 0
23423 487565
1292 590
0 0
0 0
0 0
1484 1148
0 0
0 0
0 0
0 0
0 0
0 0
0 0
0 0
0 0
1749 1278
0 0
0 0
0 0
0 0
205 461
0 0
458 390
0 0
0 0
0 0
5653 29230
5828 10702
663 1621
12576 29843
14342 44124
5200 17256
17741 60787
14734 60617
11326 47234
16382 51235
12741 60229
0 0
153 397
0 0
0 0
0 0
0 0
0 0
0 0
6657 4087
0 0
0 0
0 0
0 0
205 301
0 0
205 317
0 0
0 0
189 137
0 0
0 0
0 0
0 0
0 0
0 0
0 0
860 655
