0 2 221 2 221
1 4 612 6 436
2 32 4825 26 15193
3 9 1484 11 1651
4 2 306 3 156
5 1 153 2 104
6 7 1716 9 530
7 3 342 3 241
8 3 603 3 156
9 30 4519 26 15376
10 4 607 4 325
11 1 153 2 104
12 2 306 4 270
13 0 0 1 52
14 0 0 0 0
15 0 0 0 0
16 0 0 0 0
17 0 0 0 0
18 0 0 0 0
19 52 8888 46 30514
20 2 221 1 169
21 0 0 2 80
22 0 0 0 0
23 2 306 4 270
24 0 0 0 0
25 0 0 0 0
26 0 0 0 0
27 2 189 1 137
28 25 4392 25 15393
29 0 0 0 0
30 2 221 2 221
31 0 0 0 0
32 0 0 0 0
33 0 0 0 0
34 0 0 0 0
35 0 0 0 0
36 0 0 0 0
37 0 0 0 0
38 0 0 0 0
39 0 0 0 0
40 2 221 2 221
41 24 4223 23 15252
42 0 0 1 52
43 0 0 0 0
44 0 0 0 0
45 0 0 0 0
46 0 0 0 0
47 4 495 4 355
48 3 390 2 221
49 23 3937 22 15019
50 0 0 0 0
51 2 221 1 169
52 24 4340 24 15469
53 0 0 0 0
54 0 0 0 0
55 0 0 0 0
56 0 0 0 0
57 0 0 0 0
58 0 0 0 0
59 0 0 0 0
60 0 0 0 0
61 2 221 1 169
62 0 0 0 0
63 1 153 1 52
64 3 390 2 221
65 0 0 0 0
66 0 0 0 0
67 6 993 5 1245
68 27 4379 25 15372
69 0 0 0 0
70 0 0 0 0
71 0 0 0 0
72 0 0 0 0
73 0 0 0 0
74 0 0 0 0
75 0 0 0 0
76 0 0 0 0
77 0 0 0 0
78 0 0 0 0
79 0 0 0 0
80 25 4392 26 15546
81 0 0 0 0
82 0 0 0 0
83 0 0 0 0
84 0 0 0 0
85 0 0 0 0
86 0 0 0 0
87 6 902 9 707
88 2 306 4 362
89 0 0 0 0
90 12 2530 12 5633
91 12 1911 13 9853
92 6 908 4 1108
93 0 0 0 0
94 1 153 2 181
95 0 0 0 0
96 0 0 0 0
97 0 0 0 0
98 0 0 0 0
99 0 0 0 0
100 26 4428 26 15373
101 0 0 0 0
102 0 0 0 0
103 0 0 0 0
104 0 0 0 0
105 0 0 0 0
106 0 0 0 0
107 2 189 1 137
108 0 0 0 0
109 0 0 0 0
110 0 0 0 0
111 0 0 0 0
112 0 0 0 0
113 0 0 0 0
114 1 153 2 181
115 0 0 0 0
116 25 4275 25 15596
117 0 0 0 0
118 3 459 5 284
119 7 1071 13 796
120 2 306 4 256
121 0 0 0 0
122 2 306 4 256
123 0 0 0 0
124 0 0 0 0
125 24 4223 23 15140
126 0 0 0 0
127 2 189 1 137
128 0 0 0 0
129 0 0 0 0
130 0 0 0 0
131 0 0 0 0
132 0 0 0 0
133 0 0 0 0
134 0 0 0 0
135 0 0 0 0
136 23 4171 24 15016
137 0 0 0 0
138 0 0 0 0
139 0 0 0 0
140 0 0 0 0
141 0 0 0 0
142 1 153 2 181
143 0 0 0 0
144 0 0 0 0
145 0 0 0 0
146 0 0 0 0
147 2 189 1 137
148 0 0 0 0
149 0 0 0 0
150 0 0 0 0
151 0 0 0 0
152 0 0 0 0
153 0 0 0 0
154 0 0 0 0
155 10 2325 11 5504
156 14 2015 13 9709
157 0 0 0 0
158 0 0 0 0
159 0 0 0 0
160 0 0 0 0
161 0 0 0 0
162 0 0 0 0
163 0 0 0 0
164 0 0 0 0
165 0 0 0 0
166 24 4223 24 15224
167 2 189 1 137
168 0 0 0 0
169 0 0 0 0
170 0 0 0 0
171 0 0 0 0
172 0 0 0 0
173 0 0 0 0
174 0 0 0 0
175 0 0 0 0
176 0 0 0 0
177 0 0 0 0
178 16 3569 15 2905
179 4 708 5 883
180 2 306 4 270
181 2 306 4 270
182 7 560 6 468
183 0 0 0 0
184 26 4428 28 15548
185 0 0 0 0
186 0 0 0 0
187 2 189 1 137
188 1 153 2 135
189 1 153 2 166
190 0 0 0 0
191 25 4392 26 15605
192 0 0 0 0
193 0 0 0 0
194 0 0 0 0
195 6 1009 6 1305
196 0 0 0 0
197 0 0 0 0
198 0 0 0 0
199 0 0 0 0
200 0 0 0 0
201 23 4054 19 15044
202 2 338 4 325
203 0 0 0 0
204 0 0 0 0
205 0 0 0 0
206 0 0 0 0
207 2 189 1 137
208 24 4223 22 15232
209 0 0 0 0
210 0 0 0 0
211 1 153 2 197
212 0 0 0 0
213 0 0 0 0
214 0 0 0 0
215 23 4171 23 15316
216 0 0 0 0
