0 90 20766 93 33497
1 333 56681 470 420034
2 303 61172 592 680195
3 136 56034 137 77553
4 53 31975 42 9297
5 52 5975 80 68496
6 23 4076 19 7236
7 9 1266 7 1445
8 113 16983 179 163040
9 230 40228 475 516313
10 70 75557 44 5393
11 136 50743 131 39433
12 60 9470 74 51107
13 98 44666 87 44058
14 83 8337 147 164325
15 2 205 2 493
16 179 36946 273 265488
17 772 167708 1537 1820083
18 230 34282 476 547103
19 688 121953 1407 1457438
20 109 17072 170 172478
21 2 370 1 52
22 5 1123 5 830
23 16 2136 13 6850
24 523 70948 1318 1536838
25 18 4916 18 3071
26 409 56916 1045 1220722
27 344 55749 990 1202626
28 331 54254 1157 1481358
29 94 16577 203 228072
30 21 3771 16 2620
31 56 33918 47 7305
32 84 17972 122 124203
33 203 69101 566 739114
34 358 55550 1158 1577329
35 245 74292 657 856307
36 940 149267 2998 3864658
37 224 34273 1004 1358571
38 402 50525 1068 1362546
39 104 15391 350 432218
40 352 55016 1026 1340014
41 142 28443 633 855277
42 0 0 0 0
43 333 51104 1266 1717532
44 0 0 0 0
45 290 42628 1183 1636789
46 34 5693 138 179578
47 0 0 0 0
48 0 0 0 0
49 394 58299 1361 1804311
50 373 69716 1317 1786972
51 129 23200 440 574623
52 4 591 2 317
53 347 53759 1324 1794806
54 0 0 0 0
55 212 32168 783 1062177
56 111 19198 473 634158
57 0 0 0 0
58 0 0 0 0
59 340 54882 1324 1815100
60 360 62608 1332 1807858
61 6 1335 11 1269
62 0 0 0 0
63 334 48028 1350 1870275
64 1 60 0 0
65 14 2995 22 22620
66 549 97985 1310 1826372
67 163 22641 434 559762
68 0 0 0 0
69 575 83068 1579 1841121
70 286 46186 848 939006
71 204 32644 742 896912
72 0 0 0 0
73 479 73151 1490 1785502
74 8 1235 26 26249
75 52 8441 102 121453
76 571 73599 1430 1690715
77 5 1283 7 1061
78 0 0 0 0
79 558 84183 1594 1821714
80 472 57441 875 887461
81 494 67115 1330 1528029
82 4 692 5 963
83 298 37980 680 817923
84 310 43136 881 1034971
85 205 25087 413 466239
86 426 61840 1191 1315246
87 3 422 2 317
88 0 0 0 0
89 588 84416 1563 1713979
90 1 137 1 137
91 7 896 4 666
92 0 0 0 0
93 737 91962 1646 1825982
94 3 422 3 422
95 3 422 4 474
96 3 422 3 369
97 0 0 0 0
98 4 474 3 422
99 463 52262 1499 1819341
100 10 1596 8 1230
101 0 0 0 0
102 0 0 0 0
103 202 22437 436 575020
104 655 84641 1490 1842306
105 0 0 0 0
106 8 2643 7 1728
107 0 0 0 0
108 653 93880 1675 1829535
109 6 913 7 763
110 9 1186 7 779
111 0 0 0 0
112 4 575 3 321
113 125 16885 238 258794
114 583 76595 1351 1471848
115 0 0 0 0
116 0 0 0 0
117 7 1621 7 1088
118 697 95466 1700 1841611
119 0 0 0 0
120 0 0 0 0
121 0 0 0 0
122 2 306 3 422
123 31 6195 56 59458
124 764 92027 1539 1612810
125 3 422 2 370
126 4 458 4 442
127 3 273 3 374
128 325 43596 706 753108
129 513 64784 1040 1066478
130 11 1733 8 1246
131 2 205 2 221
132 8 1251 7 715
133 6 881 6 663
134 986 126766 2229 2413069
135 4 676 7 971
136 0 0 0 0
137 1 52 1 169
138 327 39137 662 784154
139 415 49325 939 1074026
140 0 0 0 0
141 2 370 2 253
142 0 0 0 0
143 2 370 3 305
144 859 107549 1744 1809797
145 7 997 7 747
146 3 422 3 305
147 0 0 0 0
148 577 82440 1573 1787289
149 3 523 4 954
150 2 290 3 438
151 4 474 3 305
152 3 422 2 253
153 3 422 2 253
154 612 77623 1477 1788730
155 0 0 0 0
156 2 370 2 253
157 10 1809 9 1341
158 494 69817 1261 1393108
159 145 21229 395 418020
160 6 1404 7 1109
161 0 0 0 0
162 0 0 0 0
163 5 776 4 373
164 814 112983 2104 2394924
165 0 0 0 0
166 0 0 0 0
167 12 1906 12 1491
168 614 82843 1569 1831603
169 0 0 0 0
170 1 137 1 137
171 1 52 0 0
172 0 0 0 0
173 378 64721 1375 1811304
174 0 0 0 0
175 0 0 0 0
176 0 0 0 0
177 0 0 0 0
178 355 52815 965 1221438
179 130 18928 451 591695
180 0 0 0 0
181 5 776 6 663
182 4 724 3 321
183 360 58685 1358 1762721
184 2 370 2 253
185 0 0 0 0
186 0 0 0 0
187 0 0 0 0
188 222 36650 743 941837
189 158 19331 661 863984
190 8 1827 11 2089
191 1 52 0 0
192 0 0 0 0
193 570 85010 1738 2198891
194 4 825 4 373
195 1 153 2 461
196 3 672 3 321
197 5 1283 4 815
198 202 23900 484 658865
199 250 46052 822 1154998
200 0 0 0 0
201 0 0 0 0
202 0 0 0 0
203 468 59311 1303 1796528
204 4 724 3 321
205 0 0 0 0
206 6 828 6 711
207 5 776 4 373
208 399 62165 1217 1395234
209 126 19236 364 395169
210 1 137 1 137
211 1 52 0 0
212 0 0 0 0
213 0 0 0 0
214 0 0 0 0
215 3 422 3 305
216 0 0 0 0
217 0 0 0 0
218 0 0 0 0
219 0 0 0 0
220 9 1544 7 1109
221 0 0 0 0
222 0 0 0 0
223 0 0 0 0
224 0 0 0 0
225 0 0 0 0
226 0 0 0 0
227 0 0 0 0
228 0 0 0 0
229 0 0 0 0
230 2 189 1 137
231 0 0 0 0
232 0 0 0 0
233 0 0 0 0
234 0 0 0 0
235 0 0 0 0
236 0 0 0 0
237 9 2007 9 1293
238 3 454 1 265
239 5 558 3 843
240 0 0 0 0
241 0 0 0 0
242 0 0 0 0
243 0 0 0 0
244 0 0 0 0
245 0 0 0 0
246 0 0 0 0
247 0 0 0 0
248 0 0 0 0
249 2 253 1 153
250 12 1870 10 1515
251 3 257 2 445
252 0 0 0 0
253 7 960 4 1108
254 0 0 0 0
255 4 410 4 1002
256 0 0 0 0
257 0 0 0 0
258 0 0 0 0
259 2 205 1 233
260 0 0 1 52
261 19 3331 15 5935
262 2 221 3 1190
263 0 0 0 0
264 0 0 0 0
265 0 0 0 0
266 0 0 0 0
267 0 0 0 0
268 0 0 0 0
269 14 4052 11 2271
270 2 189 1 137
271 0 0 0 0
272 0 0 0 0
273 0 0 0 0
274 0 0 0 0
275 0 0 0 0
276 0 0 0 0
277 6 1335 4 815
278 0 0 0 0
279 2 898 0 0
280 8 682 8 1230
281 0 0 0 0
282 0 0 0 0
283 0 0 0 0
284 0 0 0 0
285 0 0 0 0
286 0 0 0 0
287 31 10063 28 9115
288 81 10142 131 126050
289 6 615 5 851
290 189 35599 269 264401
291 822 143966 1804 2083036
292 78 17627 109 92743
293 901 142631 2458 2710828
294 150 55545 223 167142
295 618 80694 1295 1326419
296 15 6504 10 2438
297 13 3308 15 2707
298 0 0 0 0
299 0 0 0 0
300 66 11636 96 82223
301 906 115288 1765 1846058
302 313 53967 1007 1256065
303 91 13734 200 238046
304 630 92551 1667 2051700
305 50 11637 45 9973
306 15 4398 15 2404
307 29 22934 19 3460
308 2 205 2 317
309 286 35429 613 777026
310 461 56862 1336 1875085
311 0 0 0 0
312 0 0 0 0
313 38 6527 61 62928
314 765 107741 1871 2009932
315 1 153 2 461
316 8 2291 8 1934
317 616 80942 1286 1382917
318 162 21294 354 370913
319 454 54961 800 807459
320 651 73884 1184 1211586
321 201 26485 405 463885
322 337 53560 1071 1293854
323 0 0 0 0
324 0 0 0 0
325 434 71127 1346 1631259
326 0 0 0 0
327 598 96035 1836 2303380
328 0 0 1 52
329 0 0 0 0
330 41 10878 49 41790
331 523 78873 1516 1904687
332 6 663 5 739
333 0 0 0 0
334 517 81169 1648 2108076
335 0 0 0 0
336 447 71452 1283 1588631
337 0 0 0 0
338 0 0 0 0
339 400 63509 1187 1507207
340 6 1404 6 1020
341 459 76103 1648 2181040
342 0 0 0 0
343 0 0 0 0
344 0 0 0 0
345 0 0 0 0
346 153 25510 447 587790
347 248 42146 870 1147771
348 0 0 0 0
349 528 86605 1887 2530488
350 5 813 6 1052
351 369 50093 843 1172097
352 312 44779 830 1113909
353 8 2638 9 1991
354 0 0 0 0
355 129 19263 340 448038
356 347 48880 908 1138204
357 0 0 0 0
358 810 101794 1675 1791498
359 0 0 0 0
360 5 1315 7 1061
361 4 474 4 474
362 394 59921 1190 1423593
363 245 39416 745 890341
364 189 24393 366 405929
365 58 7228 140 151627
366 0 0 0 0
367 0 0 0 0
368 0 0 0 0
369 2 306 3 454
370 273 36687 598 729871
371 551 71240 1332 1584971
372 0 0 0 0
373 4 458 3 390
374 0 0 0 0
375 2 205 2 477
376 0 0 0 0
377 467 65605 1139 1281793
378 353 52988 980 1047854
379 0 0 0 0
380 0 0 0 0
381 8 2525 8 1833
382 0 0 0 0
383 0 0 0 0
384 5 355 5 416
385 0 0 0 0
386 0 0 0 0
387 986 127443 2064 2156542
388 53 8840 170 178841
389 0 0 0 0
390 1 137 1 137
391 1 52 0 0
392 0 0 0 0
393 0 0 0 0
394 0 0 0 0
395 0 0 0 0
396 6 615 4 655
397 289 38283 588 630709
398 578 80944 1381 1500679
399 2 306 3 438
400 11 2937 10 1659
401 2 205 2 477
402 19 3449 15 14589
403 944 125840 2143 2280366
404 10 2041 43 40061
405 0 0 0 0
406 7 1199 7 944
407 0 0 0 0
408 3 523 3 502
409 0 0 1 52
410 7 965 5 579
411 2 221 2 253
412 0 0 0 0
413 801 110601 1851 2000834
414 191 22164 343 334456
415 3 257 2 237
416 3 390 3 273
417 0 0 0 0
418 0 0 0 0
419 0 0 0 0
420 3 422 3 305
421 0 0 0 0
422 0 0 0 0
423 632 82891 1338 1402579
424 0 0 0 0
425 0 0 0 0
426 0 0 0 0
427 307 46037 762 831059
428 322 55347 1038 1230894
429 0 0 0 0
430 9 1879 9 1330
431 0 0 0 0
432 0 0 0 0
433 752 106734 1934 2312683
434 0 0 0 0
435 1 153 1 441
436 2 306 4 538
437 1 153 2 365
438 0 0 0 0
439 0 0 0 0
440 5 1331 5 920
441 441 56632 883 1222360
442 296 45461 736 1026947
443 0 0 0 0
444 0 0 0 0
445 0 0 0 0
446 0 0 0 0
447 0 0 0 0
448 0 0 0 0
449 707 110361 1993 2282132
450 1 137 1 137
451 1 52 0 0
452 2 205 2 461
453 0 0 0 0
454 0 0 0 0
455 0 0 0 0
456 4 458 3 390
457 0 0 0 0
458 0 0 0 0
459 647 88280 1453 1586421
460 184 27423 449 477390
461 4 724 3 321
462 0 0 0 0
463 4 724 3 321
464 121 14837 197 203183
465 655 93847 1710 1812237
466 3 672 3 321
467 0 0 0 0
468 0 0 0 0
469 0 0 0 0
470 1 137 1 137
471 1 52 0 0
472 0 0 0 0
473 4 724 3 321
474 0 0 0 0
475 146 23423 410 487565
476 5 1292 5 590
477 0 0 0 0
478 0 0 0 0
479 0 0 0 0
480 6 1484 6 1148
481 0 0 0 0
482 0 0 0 0
483 0 0 0 0
484 0 0 0 0
485 0 0 0 0
486 0 0 0 0
487 0 0 0 0
488 0 0 0 0
489 0 0 0 0
490 11 1749 8 1278
491 0 0 0 0
492 0 0 0 0
493 0 0 0 0
494 0 0 0 0
495 2 205 2 461
496 0 0 0 0
497 4 458 3 390
498 0 0 0 0
499 0 0 0 0
500 0 0 0 0
501 26 5653 38 29230
502 26 5828 30 10702
503 6 663 10 1621
504 36 12576 52 29843
505 45 14342 93 44124
506 23 5200 27 17256
507 55 17741 91 60787
508 40 14734 71 60617
509 33 11326 57 47234
510 54 16382 63 51235
511 49 12741 74 60229
512 0 0 0 0
513 1 153 2 397
514 0 0 0 0
515 0 0 0 0
516 0 0 0 0
517 0 0 0 0
518 0 0 0 0
519 0 0 0 0
520 22 6657 20 4087
521 0 0 0 0
522 0 0 0 0
523 0 0 0 0
524 0 0 0 0
525 2 205 2 301
526 0 0 0 0
527 2 205 2 317
528 0 0 0 0
529 0 0 0 0
530 2 189 1 137
531 0 0 0 0
532 0 0 0 0
533 0 0 0 0
534 0 0 0 0
535 0 0 0 0
536 0 0 0 0
537 0 0 0 0
538 6 860 4 655
