0 8 1013 6 768
1 40 7306 31 21889
2 3 302 2 406
3 9 1375 7 7015
4 123 11528 113 129659
5 31 2927 30 31428
6 37 4865 25 12537
7 205 24731 191 289474
8 184 84931 177 152955
9 12 2193 8 5656
10 20 2282 16 7746
11 0 0 0 0
12 46 3723 60 149481
13 2 104 1 52
14 36 2586 41 223280
15 33 3860 29 18659
16 11 1168 15 1832
17 22 5070 27 4179
18 61 4580 146 137417
19 55 43498 162 33462
20 0 0 62 3224
21 163 25955 157 682303
22 135 22654 120 714401
23 64 9967 55 134690
24 16 1215 20 30328
25 85 42648 100 48596
26 7 2460 11 925
27 6 2172 8 634
28 0 0 0 0
29 0 0 0 0
30 14 4195 21 1908
31 8 1968 12 912
32 19 4247 14 6876
33 6 1223 6 524
34 3 1114 5 402
35 16 2698 21 2261
36 0 0 0 0
37 63 27819 59 8762
38 119 22746 132 812011
39 55 6987 57 1175093
40 14 3254 19 1631
41 4 872 6 456
42 0 0 0 0
43 54 8628 59 222715
44 59 11041 62 620412
45 59 4771 73 731925
46 12 2620 13 210432
47 55 4324 54 1389382
48 0 0 0 0
49 122 41392 133 2158374
50 172 14465 282 5807094
51 153 11647 343 5783190
52 376 25227 720 13394142
53 240 18143 723 12991218
54 149 10648 582 8010003
55 261 19248 736 9796239
56 9 1174 163 1837269
57 0 0 1 52
58 97 6494 232 4213138
59 6 1910 7 609
60 0 0 1 52
61 6 967 6 456
62 76 5402 175 3220035
63 20 1079 54 992986
64 0 0 0 0
65 2 143 2 143
66 96 7130 222 3884408
67 1 52 1 52
68 8 525 7 473
69 93 6286 237 4213398
70 0 0 0 0
71 0 0 0 0
72 7 1803 7 570
73 112 7274 250 4214074
74 0 0 0 0
75 2 143 2 143
76 0 0 0 0
77 77 5493 192 2623076
78 0 0 0 0
79 2 1554 0 0
80 145 8855 273 4727932
81 1 91 0 0
82 1 52 2 143
83 122 8745 327 4218220
84 0 0 0 0
85 0 0 0 0
86 0 0 0 0
87 67 4934 140 2671618
88 0 0 0 0
89 44 3742 51 1064700
90 73 3808 172 3148852
91 9 2685 13 1026
92 0 0 0 0
93 119 7640 234 4213242
94 0 0 0 0
95 0 0 0 0
96 2 143 2 143
97 89 6158 153 2679868
98 2 143 2 143
99 95 6431 232 4213177
100 0 0 0 0
101 0 0 0 0
102 7 481 6 429
103 30 3012 37 700184
104 67 3601 220 3514371
105 5 1441 7 570
106 0 0 0 0
107 145 10307 259 4751382
108 0 0 0 0
109 0 0 0 0
110 0 0 0 0
111 108 7068 253 3879677
112 0 0 0 0
113 0 0 0 0
114 133 8368 286 4215946
115 0 0 0 0
116 9 540 7 364
117 0 0 0 0
118 0 0 0 0
119 110 7176 226 4212838
120 0 0 0 0
121 4 856 7 547
122 73 5287 139 2644770
123 5 951 5 402
124 96 6483 306 4217025
125 0 0 0 0
126 0 0 0 0
127 6 1425 2 182
128 73 5287 157 2704442
129 30 1560 84 1509370
130 0 0 0 0
131 13 2128 12 230856
132 75 3900 129 2377160
133 1 91 0 0
134 112 7280 230 4213085
135 1 91 0 0
136 3 156 2 143
137 9 492 5 260
138 175 11867 293 4803830
139 3 180 2 104
140 2 143 1 91
141 0 0 0 0
142 0 0 0 0
143 100 6652 135 2642441
144 0 0 0 0
145 100 6652 255 4214334
146 0 0 0 0
147 0 0 0 0
148 114 7380 219 4212462
149 0 0 0 0
150 0 0 0 0
151 4 855 6 456
152 98 6548 221 4212566
153 5 284 3 156
154 5 323 3 195
155 7 1473 2 182
156 98 6626 200 3785520
157 2 143 1 91
158 0 0 0 0
159 73 5248 240 4213554
160 6 429 3 273
161 0 0 0 0
162 0 0 0 0
163 148 9957 253 4214489
164 3 180 2 104
165 0 0 0 0
166 0 0 0 0
167 48 3948 86 1556770
168 40 2080 62 1082109
169 0 0 0 0
170 167 11451 230 4719171
171 0 0 0 0
172 0 0 0 0
173 112 7276 283 4215790
174 0 0 0 0
175 4 271 4 208
176 0 0 0 0
177 78 5508 144 2742146
178 3 219 2 104
179 3 1612 2 116
180 132 6990 228 4212930
181 4 847 6 456
182 0 0 0 0
183 154 9460 224 4212722
184 0 0 0 0
185 0 0 0 0
186 0 0 0 0
187 67 4999 144 2540767
188 0 0 0 0
189 104 6923 255 4214334
190 0 0 0 0
191 0 0 0 0
192 0 0 0 0
193 137 8639 229 4212982
194 0 0 0 0
195 0 0 0 0
196 0 0 0 0
197 77 5460 142 2660219
198 1 64 1 91
199 93 6288 239 4213502
200 17 2199 23 502976
201 0 0 0 0
202 0 0 0 0
203 3 847 5 402
204 81 5664 266 4214906
205 0 0 0 0
206 0 0 0 0
207 80 5612 138 2703754
208 9 657 6 312
209 89 6171 126 2488211
210 49 2611 95 1724379
211 4 847 6 456
212 0 0 0 0
213 0 0 0 0
214 139 8869 236 4213346
215 7 490 5 260
216 3 219 2 104
217 101 6704 130 2668103
218 0 0 0 0
219 180 10812 228 4212930
220 0 0 0 0
221 0 0 0 0
222 0 0 0 0
223 92 6237 222 3698110
224 13 676 29 516016
225 0 0 0 0
226 0 0 0 0
227 112 7277 161 2583278
228 0 0 0 0
229 169 11557 274 4585833
230 0 0 0 0
231 0 0 0 0
232 0 0 0 0
233 129 8161 228 4212930
234 0 0 0 0
235 0 0 0 0
236 0 0 0 0
237 23 2649 31 680724
238 52 2704 105 1955446
239 0 0 0 0
240 86 5930 232 4213150
241 4 847 6 456
242 0 0 0 0
243 137 9270 235 4213436
244 0 0 0 0
245 0 0 0 0
246 0 0 0 0
247 117 7537 192 3357041
248 0 0 0 0
249 0 0 0 0
250 0 0 0 0
251 0 0 0 0
252 0 0 0 0
253 0 0 0 0
254 0 0 0 0
255 0 0 0 0
256 0 0 0 0
257 0 0 0 0
258 0 0 0 0
259 0 0 0 0
260 0 0 0 0
261 0 0 0 0
262 0 0 0 0
263 0 0 0 0
264 0 0 0 0
265 0 0 0 0
266 0 0 0 0
267 5 1332 7 570
268 0 0 0 0
269 0 0 0 0
270 0 0 0 0
271 4 869 7 547
272 0 0 0 0
273 0 0 0 0
274 0 0 0 0
275 5 355 5 416
276 0 0 0 0
277 0 0 0 0
278 0 0 0 0
279 0 0 0 0
280 0 0 0 0
281 0 0 0 0
282 0 0 0 0
283 5 951 5 402
284 0 0 0 0
285 0 0 0 0
286 0 0 0 0
287 0 0 0 0
288 0 0 0 0
289 0 0 0 0
290 7 2242 7 570
291 0 0 0 0
292 0 0 0 0
293 0 0 0 0
294 0 0 0 0
295 0 0 0 0
296 0 0 0 0
297 0 0 0 0
298 0 0 0 0
299 0 0 0 0
300 30 7496 30 24778
301 17 935 30 103829
302 2 139 2 135
303 240 29118 253 3093470
304 34 4496 33 808784
305 77 9005 79 1091423
306 36 6712 34 500326
307 126 41661 158 1873816
308 69 5946 114 2107626
309 45 7245 45 35525
310 46 8633 55 507662
311 83 9981 91 219955
312 77 43898 77 134374
313 0 0 0 0
314 6 1068 6 609
315 52 8909 58 10571
316 49 5097 71 142723
317 45 3230 52 320383
318 50 3477 89 302715
319 22 1881 39 181933
320 45 10233 65 167752
321 198 63664 186 1199034
322 106 14796 114 859489
323 70 7522 78 356094
324 62 33155 64 884935
325 0 0 0 0
326 6 2991 8 560
327 0 0 0 0
328 0 0 0 0
329 0 0 0 0
330 0 0 0 0
331 7 2407 10 767
332 63 6029 79 1804846
333 0 0 0 0
334 0 0 0 0
335 0 0 0 0
336 11 970 17 65243
337 0 0 0 0
338 0 0 0 0
339 20 2355 19 463618
340 0 0 0 0
341 3 841 5 402
342 0 0 0 0
343 0 0 0 0
344 37 3324 70 1801019
345 0 0 0 0
346 0 0 0 0
347 0 0 0 0
348 0 0 0 0
349 0 0 0 0
350 0 0 0 0
351 17 13111 21 1479
352 0 0 1 52
353 0 0 0 0
354 19 2304 18 479723
355 0 0 0 0
356 0 0 0 0
357 0 0 0 0
358 0 0 0 0
359 0 0 0 0
360 0 0 0 0
361 75 5937 83 2023514
362 5 323 4 247
363 0 0 0 0
364 0 0 0 0
365 0 0 0 0
366 0 0 0 0
367 0 0 0 0
368 2 143 2 143
369 5 1882 7 574
370 27 2720 26 439146
371 2 143 2 143
372 0 0 0 0
373 0 0 0 0
374 0 0 0 0
375 0 0 0 0
376 0 0 0 0
377 0 0 0 0
378 0 0 0 0
379 75 6377 86 1829074
380 2 143 2 143
381 4 286 4 286
382 2 143 2 143
383 2 143 2 143
384 16 2148 15 378074
385 0 0 0 0
386 0 0 0 0
387 0 0 0 0
388 0 0 0 0
389 0 0 0 0
390 11 1663 15 1241
391 40 5977 61 6729
392 26 3271 33 3652
393 19 2367 34 3531
394 9 3901 9 685
395 11 2141 23 37733
396 67 5106 77 261713
397 11 747 17 155333
398 0 0 0 0
399 0 0 0 0
400 36 2773 54 232489
401 44 3026 78 379654
402 22 1670 32 176060
403 130 20969 138 1473404
404 113 40333 107 1341068
405 94 9769 99 1987378
406 110 8744 140 2188110
407 14 2392 13 138582
408 76 5602 99 2038756
409 33 6130 52 74940
410 11 917 18 47722
411 11 1901 10 236668
412 151 13667 197 4121048
413 65 6941 90 1649018
414 0 0 0 0
415 53 4213 72 1408914
416 0 0 0 0
417 77 6249 101 1877815
418 14 2081 11 232890
419 3 180 2 104
420 2 143 1 91
421 0 0 0 0
422 73 24839 101 1456800
423 6 1006 6 459
424 50 4057 69 1305500
425 0 0 0 0
426 71 5236 79 1410947
427 5 957 5 403
428 59 5855 93 1708418
429 2 143 1 91
430 0 0 0 0
431 0 0 0 0
432 50 4057 111 2106878
433 0 0 0 0
434 0 0 0 0
435 68 8691 100 1644686
436 0 0 0 0
437 0 0 0 0
438 7 1860 5 45187
439 78 4056 102 2061522
440 0 0 0 0
441 0 0 0 0
442 0 0 0 0
443 85 7208 115 2314823
444 0 0 0 0
445 0 0 0 0
446 45 3797 66 1302635
447 0 0 0 0
448 0 0 0 0
449 59 4537 106 2107621
450 0 0 0 0
451 0 0 0 0
452 55 4317 104 2078196
453 4 875 6 459
454 0 0 0 0
455 59 4525 71 1474326
456 0 0 0 0
457 0 0 0 0
458 0 0 0 0
459 95 7728 132 2459163
460 0 0 0 0
461 0 0 0 0
462 57 7161 116 1693164
463 6 540 8 4902
464 22 2052 32 17194
465 8 631 8 2304
466 19 2445 19 362988
467 33 1716 46 966297
468 77 5461 100 2106306
469 0 0 0 0
470 0 0 0 0
471 0 0 0 0
472 0 0 0 0
473 0 0 0 0
474 18 10097 17 1095
475 5 961 5 404
476 74 6636 88 1758030
477 0 0 0 0
478 0 0 0 0
479 0 0 0 0
480 3 219 2 104
481 52 4161 65 1294825
482 0 0 0 0
483 3 219 2 104
484 4 875 6 460
485 0 0 0 0
486 57 4421 71 1362345
487 0 0 0 0
488 0 0 0 0
489 0 0 0 0
490 0 0 0 0
491 76 6448 96 1867558
492 5 362 6 523
493 0 0 0 0
494 0 0 0 0
495 0 0 0 0
496 0 0 0 0
497 0 0 0 0
498 0 0 0 0
499 0 0 0 0
500 3 180 2 104
501 103 8144 130 2145512
502 4 1471 6 523
503 0 0 0 0
504 0 0 0 0
505 0 0 0 0
506 0 0 0 0
507 0 0 0 0
508 0 0 0 0
509 0 0 0 0
510 0 0 0 0
511 63 4733 79 1444868
512 23 1196 27 500151
513 0 0 0 0
514 4 878 6 460
515 3 862 5 404
516 0 0 0 0
517 0 0 0 0
518 0 0 0 0
519 9 1547 9 678
520 0 0 0 0
521 0 0 0 0
522 69 5045 98 2106202
523 6 429 4 325
524 5 338 3 234
525 0 0 0 0
526 0 0 0 0
527 0 0 0 0
528 0 0 0 0
529 2 1561 1 52
530 73 3796 101 2087998
531 0 0 0 0
532 0 0 0 0
533 0 0 0 0
534 0 0 0 0
535 0 0 0 0
536 68 6324 88 1718775
537 0 0 0 0
538 0 0 0 0
539 0 0 0 0
540 0 0 0 0
541 55 4317 66 1314793
542 0 0 0 0
543 0 0 0 0
544 4 878 6 460
545 82 5733 109 2108151
546 0 0 0 0
547 5 1336 7 575
548 0 0 0 0
549 0 0 0 0
550 0 0 0 0
551 0 0 0 0
552 0 0 0 0
553 63 4733 85 1667802
554 0 0 0 0
555 3 862 5 404
556 0 0 0 0
557 0 0 0 0
558 0 0 0 0
559 0 0 0 0
560 90 7468 141 2204238
561 0 0 0 0
562 0 0 0 0
563 0 0 0 0
564 4 900 6 460
565 0 0 0 0
566 0 0 0 0
567 0 0 0 0
568 0 0 0 0
569 93 6302 117 2046812
570 0 0 0 0
571 0 0 0 0
572 0 0 0 0
573 0 0 0 0
574 0 0 0 0
575 6 1394 7 575
576 7 498 4 208
577 0 0 0 0
578 4 279 2 104
579 0 0 0 0
580 0 0 0 0
581 2 143 1 91
582 3 203 1 91
583 0 0 0 0
584 0 0 0 0
585 0 0 0 0
586 0 0 0 0
587 0 0 0 0
588 0 0 0 0
589 0 0 0 0
590 1 60 0 0
591 0 0 0 0
592 0 0 0 0
593 20 1559 19 13977
594 4 878 6 460
595 29 2501 76 12303
596 0 0 0 0
597 0 0 0 0
598 0 0 0 0
599 0 0 0 0
600 0 0 0 0
601 0 0 0 0
602 1 87 2 135
603 0 0 0 0
604 0 0 0 0
605 0 0 0 0
606 0 0 0 0
607 14 11864 15 991
608 0 0 1 52
609 0 0 0 0
610 0 0 0 0
611 0 0 0 0
612 0 0 0 0
613 0 0 0 0
614 0 0 0 0
615 0 0 0 0
616 0 0 0 0
617 0 0 0 0
618 0 0 0 0
619 0 0 0 0
620 0 0 0 0
621 0 0 0 0
622 0 0 0 0
623 0 0 0 0
624 4 859 6 460
625 0 0 0 0
626 0 0 0 0
627 0 0 0 0
628 0 0 0 0
629 0 0 0 0
630 0 0 0 0
631 4 1281 6 523
632 0 0 0 0
633 0 0 0 0
634 0 0 0 0
635 3 859 5 404
636 0 0 0 0
637 10 4832 36 73436
638 0 0 0 0
639 0 0 0 0
640 0 0 0 0
641 0 0 0 0
642 0 0 0 0
643 0 0 0 0
644 0 0 0 0
645 0 0 0 0
646 0 0 0 0
647 149 18907 141 1103498
648 179 15353 210 1234395
649 208 18508 241 2218300
650 9 2646 11 1317
651 0 0 0 0
652 3 821 5 405
653 15 4967 18 1344
654 10 2539 12 67480
655 0 0 0 0
656 4 1159 6 532
657 12 3035 18 1454
658 10 4790 21 29340
659 40 5958 45 120369
660 0 0 0 0
661 0 0 0 0
662 0 0 0 0
663 23 2713 30 3165
664 43 4846 61 669741
665 0 0 0 0
666 15 2116 20 6613
667 23 2868 27 3617
668 34 8429 41 47650
669 76 46087 79 211589
670 73 17559 76 178187
671 158 15891 165 323387
672 121 15646 126 561234
673 124 35317 121 1155999
674 0 0 0 0
675 3 371 10 27755
676 0 0 0 0
677 84 8229 104 1841746
678 0 0 0 0
679 0 0 0 0
680 17 2980 18 306992
681 3 876 5 407
682 0 0 0 0
683 0 0 0 0
684 0 0 0 0
685 0 0 0 0
686 0 0 0 0
687 9 671 9 30124
688 8 6382 9 679
689 0 0 0 0
690 84 7073 122 2336138
691 3 1375 5 407
692 7 3669 9 679
693 0 0 0 0
694 0 0 0 0
695 0 0 0 0
696 0 0 0 0
697 0 0 0 0
698 0 0 0 0
699 0 0 0 0
700 0 0 0 0
701 3 883 5 407
702 51 4020 74 1901660
703 0 0 0 0
704 18 2250 17 458209
705 0 0 0 0
706 2 143 2 143
707 0 0 0 0
708 2 143 2 143
709 0 0 0 0
710 4 956 6 463
711 0 0 0 0
712 0 0 0 0
713 0 0 0 0
714 0 0 0 0
715 0 0 0 0
716 5 1896 7 575
717 63 4668 83 1849223
718 13 1990 12 303246
719 0 0 0 0
720 1 848 0 0
721 12 3387 14 135400
722 32 2978 40 1041395
723 0 0 0 0
724 0 0 0 0
725 2 143 2 143
726 34 3176 73 1740557
727 0 0 0 0
728 11 1886 10 306074
729 11 814 11 30915
730 55 6480 53 1366566
731 2 143 6 463
732 0 0 0 0
733 0 0 0 0
734 14 2794 13 297791
735 2 155 5 446
736 0 0 0 0
737 0 0 0 0
738 61 4542 86 2096166
739 0 0 0 0
740 2 821 2 104
741 11 2159 11 934
742 0 0 0 0
743 0 0 0 0
744 15 2094 14 316821
745 0 0 0 0
746 0 0 0 0
747 0 0 0 0
748 0 0 0 0
749 0 0 0 0
750 0 0 0 0
751 0 0 0 0
752 0 0 0 0
753 52 4074 74 1836705
754 18 2250 18 462764
755 0 0 0 0
756 0 0 0 0
757 0 0 0 0
758 0 0 0 0
759 0 0 0 0
760 0 0 0 0
761 0 0 0 0
762 0 0 0 0
763 3 180 3 156
764 0 0 0 0
765 5 323 3 195
766 33 3086 50 1196789
767 18 975 28 617752
768 0 0 0 0
769 0 0 0 0
770 20 3043 20 452314
771 2 143 4 359
772 5 1338 8 627
773 0 0 0 0
774 3 888 5 407
775 0 0 0 0
776 0 0 0 0
777 0 0 0 0
778 0 0 0 0
779 0 0 0 0
780 3 180 2 104
781 0 0 0 0
782 62 4594 84 1980739
783 0 0 0 0
784 26 2705 24 459789
785 2 143 1 91
786 0 0 0 0
787 9 531 5 299
788 2 143 2 143
789 0 0 0 0
790 0 0 0 0
791 0 0 0 0
792 0 0 0 0
793 0 0 0 0
794 0 0 0 0
795 46 3762 48 1140663
796 0 0 0 0
797 0 0 0 0
798 0 0 0 0
799 6 1626 5 51879
800 9 2434 11 934
801 8 455 10 18443
802 0 0 0 0
803 0 0 0 0
804 0 0 0 0
805 0 0 0 0
806 0 0 0 0
807 0 0 0 0
808 0 0 0 0
809 0 0 0 0
810 4 1012 5 411
811 0 0 1 52
812 0 0 0 0
813 0 0 0 0
814 3 910 5 407
815 0 0 0 0
816 0 0 0 0
817 0 0 0 0
818 3 219 2 104
819 0 0 0 0
820 0 0 0 0
821 3 219 2 104
822 0 0 0 0
823 0 0 0 0
824 0 0 0 0
825 0 0 0 0
826 0 0 0 0
827 0 0 0 0
828 6 1385 8 627
829 0 0 0 0
830 0 0 0 0
831 0 0 0 0
832 0 0 0 0
833 0 0 0 0
834 0 0 0 0
835 0 0 0 0
836 0 0 0 0
837 3 219 2 104
838 0 0 0 0
839 3 219 2 104
840 4 919 5 411
841 0 0 1 52
842 3 219 2 104
843 0 0 0 0
844 0 0 0 0
845 0 0 0 0
846 0 0 0 0
847 15 5165 34 74024
848 0 0 0 0
849 0 0 0 0
850 0 0 0 0
851 0 0 0 0
852 0 0 0 0
853 0 0 0 0
854 3 885 5 407
855 2 1667 0 0
856 17 2311 16 7618
857 36 9160 41 4671
858 15 2597 31 44536
859 206 21845 183 265124
860 30 1907 44 465105
861 57 4367 108 399266
862 0 0 0 0
863 0 0 0 0
864 232 29827 247 2907476
865 132 48712 106 738294
866 17 3646 23 43038
867 65 10200 88 92604
868 22 6337 25 2177
869 6 1547 10 873
870 17 6294 23 1824
871 4 4452 0 0
872 166 22007 181 1529526
873 83 7879 81 1278940
874 200 50148 261 4199162
875 90 9170 120 2184127
876 3 195 5 486
877 18 6842 26 2015
878 135 12808 162 2626200
879 175 12207 410 8423468
880 186 15304 351 6307040
881 109 7813 304 6088655
882 28 3177 37 478796
883 85 5976 198 4211370
884 22 4787 57 121168
885 47 4679 55 1007740
886 182 11421 371 7045150
887 263 19912 370 6659893
888 84 7243 244 4473003
889 93 7711 269 4394616
890 240 18201 523 8881268
891 102 6862 124 2097551
892 82 4264 124 1657456
893 0 0 0 0
894 205 12218 273 4215270
895 196 12592 328 4218437
896 0 0 0 0
897 103 37059 246 4213866
898 51 4249 61 1061871
899 68 3731 163 2717173
900 3 839 5 407
901 152 9462 224 4212722
902 103 6949 235 4213325
903 2 104 0 0
904 9 3318 8 67123
905 198 21275 304 5123272
906 20 2359 19 329056
907 93 6385 227 3273072
908 0 0 0 0
909 0 0 0 0
910 52 4982 92 1716106
911 60 3120 87 1557091
912 0 0 0 0
913 6 2399 8 627
914 0 0 0 0
915 145 11123 211 3805094
916 2 143 2 143
917 0 0 0 0
918 11 767 10 715
919 0 0 0 0
920 121 7841 188 3268986
921 0 0 0 0
922 3 835 5 407
923 5 2393 5 299
924 4 298 10 19089
925 70 5525 199 3285338
926 8 731 12 5873
927 0 0 0 0
928 0 0 0 0
929 0 0 0 0
930 3 195 2 143
931 127 9473 340 4761280
932 0 0 0 0
933 0 0 0 0
934 0 0 0 0
935 12 6373 12 874
936 0 0 0 0
937 0 0 0 0
938 7 566 12 48366
939 0 0 0 0
940 0 0 0 0
941 0 0 0 0
942 0 0 0 0
943 104 6959 195 3798656
944 0 0 0 0
945 0 0 0 0
946 0 0 0 0
947 0 0 0 0
948 7 1037 7 554
949 0 0 0 0
950 0 0 0 0
951 0 0 0 0
952 0 0 0 0
953 0 0 0 0
954 0 0 0 0
955 0 0 0 0
956 0 0 0 0
957 0 0 0 0
958 0 0 0 0
959 0 0 0 0
960 0 0 0 0
961 0 0 0 0
962 5 943 5 407
963 0 0 0 0
964 0 0 0 0
965 0 0 0 0
966 0 0 0 0
967 0 0 0 0
968 0 0 0 0
969 7 1877 7 575
970 0 0 0 0
971 140 14629 258 4186928
972 0 0 0 0
973 0 0 0 0
974 2 143 1 91
975 0 0 0 0
976 10 715 5 455
977 0 0 0 0
978 6 948 6 463
979 0 0 0 0
980 7 388 4 208
981 70 10382 73 961312
982 243 15545 420 7298894
983 2 143 1 91
984 0 0 0 0
985 2 143 2 143
986 0 0 0 0
987 3 180 2 104
988 0 0 0 0
989 2 143 1 91
990 0 0 0 0
991 7 1464 8 627
992 0 0 0 0
993 0 0 0 0
994 143 9026 238 4186536
995 0 0 0 0
996 0 0 0 0
997 0 0 0 0
998 0 0 0 0
999 0 0 0 0
1000 0 0 0 0
1001 0 0 0 0
1002 3 839 5 407
1003 0 0 0 0
1004 0 0 0 0
1005 0 0 0 0
1006 0 0 0 0
1007 0 0 0 0
1008 144 9678 203 3191500
1009 4 208 4 75960
1010 0 0 0 0
1011 0 0 0 0
1012 0 0 0 0
1013 0 0 0 0
1014 0 0 0 0
1015 0 0 0 0
1016 0 0 0 0
1017 0 0 0 0
1018 99 6699 182 3258397
1019 23 2515 38 745773
1020 3 180 3 156
1021 0 0 0 0
1022 0 0 0 0
1023 0 0 0 0
1024 2 1142 2 104
1025 2 143 5 471
1026 0 0 0 0
1027 0 0 0 0
1028 112 7438 175 3266088
1029 8 581 6 351
1030 9 657 6 312
1031 0 0 0 0
1032 0 0 0 0
1033 0 0 0 0
1034 0 0 0 0
1035 3 219 2 104
