0 36 16140 95 60179
1 23 1859 77 52948
2 21 1618 80 51336
3 22 1811 69 48828
4 24 1883 87 59628
5 20 1614 67 48112
6 23 1766 85 56864
7 21 1587 68 45196
8 23 1874 75 44868
9 23 1771 76 49960
10 56 5338 99 56332
11 23 1989 90 52149
12 64 6628 78 46620
13 23 1822 76 44152
14 24 1830 79 48864
15 25 2213 60 35505
16 22 1634 101 65702
17 22 1751 78 54244
18 21 1706 81 51872
19 23 1762 84 59668
20 26 2139 89 57964
21 20 1562 94 63600
22 19 1514 80 56380
23 22 1816 86 54880
24 39 4116 121 63444
25 76 7825 123 66706
26 61 6157 103 59248
27 54 5366 112 57220
28 55 5668 129 58772
29 55 5469 102 50460
30 54 5572 139 79640
31 49 4844 83 58192
32 35 14837 85 57236
33 31 11525 89 56179
34 25 1931 85 56856
35 22 1834 78 53964
36 23 1806 83 47588
37 22 1719 81 49712
38 22 1774 83 50904
39 21 1690 71 42360
40 26 1999 76 49044
41 21 1706 82 49448
42 17 1451 73 49056
43 24 1911 87 52168
44 22 1750 84 44736
45 65 6868 110 59265
46 30 2607 89 55404
47 23 1747 94 49232
48 65 7028 119 59568
49 30 2581 93 49792
50 63 6306 126 58844
51 52 5166 88 43020
52 25 2031 92 54740
53 22 1774 81 53936
54 23 1818 85 48840
55 22 1728 75 42078
56 23 1975 86 48741
57 26 2046 88 50704
58 20 1627 75 42060
59 22 1710 84 46532
60 22 1731 83 46104
61 23 1890 78 47208
62 19 1522 87 55732
63 27 2208 79 46868
64 36 4291 83 47026
65 24 1891 104 59488
66 23 1842 89 55720
67 21 1538 73 42608
68 51 5291 162 89432
69 71 7328 165 101537
70 68 7033 130 90716
71 23 1887 99 88288
72 72 8107 148 104422
73 23 1919 90 77860
74 48 4705 99 61952
75 54 17451 123 95287
76 28 3577 89 67793
77 23 1758 100 78088
78 24 1927 75 49104
79 20 1566 82 47100
80 17 1334 83 38484
81 53 5410 100 52400
82 20 1534 73 52944
83 29 2562 79 52545
84 25 2102 70 46840
85 24 1971 84 55901
86 23 1883 78 49668
87 25 1890 84 45620
88 21 1743 73 41300
89 22 1762 81 42320
90 39 3788 108 45572
91 57 5606 138 51289
92 30 2596 76 41772
93 21 1747 81 43480
94 26 1970 76 41660
95 25 1956 82 43986
96 25 2191 77 42645
97 21 1610 71 37640
98 43 4012 114 48520
99 25 2173 70 38417
100 20 1658 69 37448
101 26 2171 77 42952
102 21 1642 74 42152
103 25 1939 76 44712
104 21 1583 71 41332
105 47 32719 90 44967
106 22 1659 68 40920
107 22 1706 78 44876
108 21 1586 74 40984
109 19 1411 76 43184
110 25 2027 69 39708
111 25 1847 75 44204
112 23 1766 69 41164
113 16 1158 62 37324
114 21 1623 84 47676
115 24 1806 76 43588
116 20 1522 64 37548
117 26 1991 69 41912
118 38 5660 92 51801
119 24 1815 70 39972
120 22 1754 70 41444
121 20 1486 72 39632
122 23 1723 68 41232
123 24 1791 74 42796
124 23 1723 71 41300
125 23 1774 78 44908
126 23 1922 70 41832
127 24 1847 77 44012
128 22 1634 68 40784
129 23 1658 76 43652
130 24 1924 69 41360
131 19 1414 77 43024
132 27 2059 70 41612
133 23 1880 76 41164
134 25 1790 70 41080
135 28 2164 77 43962
136 19 1599 67 38009
137 25 1894 78 43692
138 21 1543 63 36956
139 23 1742 66 37808
140 22 1719 72 40492
141 21 1574 67 40384
142 24 1786 78 44352
143 22 1672 68 40760
144 22 1862 68 40524
145 27 2200 73 42661
146 21 1582 75 43160
147 23 1802 70 41840
148 22 1603 74 43628
149 22 1666 68 41436
150 23 1815 78 43492
151 24 1827 68 41156
152 24 1930 78 43536
153 23 1791 67 41612
154 22 1738 77 43172
155 22 1690 68 40488
156 21 1659 70 40136
157 23 1802 71 40988
158 24 1898 77 43844
159 21 1631 70 40640
160 23 1870 79 43856
161 22 1739 70 40968
162 23 1890 82 44016
163 20 1555 72 40964
164 26 2019 83 44348
165 22 1774 73 40576
166 21 1647 83 44460
167 24 1918 74 41720
168 20 1590 81 44276
169 24 1871 75 41600
170 22 1863 81 43788
171 23 1790 74 41620
172 25 1963 71 37540
173 22 1682 85 47476
174 24 1975 80 44008
175 23 1783 73 38042
176 19 1647 83 44367
177 27 2143 75 42128
178 20 1590 83 44872
179 23 1858 80 43064
180 23 1843 72 41380
181 20 1590 81 44436
182 25 2003 75 42136
183 20 1571 83 44400
184 23 1810 72 41712
185 23 1891 80 43056
186 21 1634 83 44612
187 24 1883 78 41236
188 17 1374 79 44324
189 23 1774 69 41204
190 24 1992 75 43152
191 21 1554 69 41148
192 24 1882 75 43572
193 22 1731 70 41472
194 23 1814 81 43424
195 23 1883 74 42328
196 22 1702 71 41028
197 23 1830 83 43672
198 22 1659 69 38360
199 19 1494 76 44184
200 23 1902 69 41492
201 21 1631 77 43612
202 22 1774 74 41828
203 23 1832 81 44840
204 22 1826 75 41460
205 25 2239 84 44149
206 22 1703 73 41540
207 21 1678 81 44288
208 18 1483 69 38616
209 24 1998 83 44400
210 25 2015 74 41636
211 24 1879 82 44516
212 19 1558 73 41532
213 23 1770 81 43972
214 24 1919 73 41828
215 21 1723 83 44278
216 21 1792 75 41862
217 23 1830 82 44460
218 23 1770 82 44428
219 25 1979 73 41284
220 21 1734 83 44900
221 22 1774 73 41576
222 25 2019 82 44420
223 29 2473 81 42114
224 21 1679 77 40252
225 22 1822 72 40832
226 22 1662 84 44160
227 25 1991 79 41068
228 19 1458 73 40640
229 23 1867 81 42184
230 24 1955 73 41248
231 23 1770 81 44308
232 24 1943 76 42420
233 22 1710 81 44852
234 20 1582 71 41408
235 23 1867 75 41672
236 23 1818 82 43768
237 25 1971 74 41336
238 21 1614 76 43380
239 19 1450 68 42232
240 23 1843 77 43428
241 18 1394 68 41260
242 19 1546 62 37912
243 22 1716 86 48128
244 21 1630 77 44012
245 26 2139 67 40788
246 20 1570 74 44084
247 22 1738 71 41284
248 25 1903 85 46872
249 23 1762 71 38580
250 21 1775 82 44376
251 23 1819 72 40712
252 23 1834 73 41576
253 23 1819 82 44196
254 20 1574 81 44788
255 25 2019 76 41426
256 25 2148 81 45038
257 22 1774 75 41724
258 24 1867 82 43804
259 19 1506 86 47804
260 23 1842 70 38272
261 24 1871 74 40784
262 24 1902 83 43336
263 23 1867 77 40700
264 23 1847 72 41180
265 29 2559 85 43561
266 20 1587 72 40688
267 21 1722 78 40868
268 20 1514 61 34680
269 27 2039 90 50628
270 20 1659 65 36944
271 25 1911 62 37428
272 23 1922 84 47252
273 18 1374 60 37420
274 23 1771 83 47880
275 23 1826 82 47356
276 19 1466 64 38224
277 25 2039 84 48068
278 20 1530 70 37688
279 25 2011 82 44072
280 22 1726 75 40832
281 21 1682 80 42872
282 24 1943 73 42116
283 24 1859 80 44932
284 21 1666 75 42824
285 23 1831 79 40936
286 22 1750 76 44792
287 24 1951 79 40688
288 23 1750 76 42124
289 22 1758 80 43624
290 27 2232 78 43012
291 18 1454 74 42172
292 24 1943 78 42164
293 21 1614 81 46384
294 22 1730 74 39672
295 28 2168 76 42594
296 21 1988 82 47243
297 23 1822 68 41440
298 44 6073 76 44745
299 22 1714 85 48088
300 25 2051 75 41784
301 20 1574 80 43356
302 22 1774 80 43308
303 24 1908 71 40972
304 22 1730 71 38476
305 22 1698 80 41288
306 22 1775 86 47216
307 27 2357 72 39601
308 57 11200 112 66666
309 20 1638 75 41936
310 23 1847 82 44308
311 22 1759 72 38724
312 25 1982 84 47564
313 21 1699 73 40704
314 21 1626 80 43268
315 20 1646 76 42600
316 25 1979 80 43692
317 21 1722 72 38016
318 25 1918 84 47448
319 22 1747 74 41976
320 22 1738 70 38220
321 22 1771 83 44892
322 24 1894 73 40980
323 22 1739 87 47708
324 22 1779 80 44140
325 26 2379 77 41745
326 22 1714 77 40864
327 25 1963 74 41656
328 19 1498 83 44712
329 24 1871 74 41076
330 25 2063 80 43076
331 18 1454 75 41524
332 25 2015 81 44188
333 19 1486 72 40828
334 24 1883 85 44872
335 26 2063 69 40814
336 20 2647 81 40862
337 41 11226 94 55582
338 23 1758 74 41232
339 21 1642 82 44024
340 25 2011 74 41296
341 24 1898 81 44068
342 28 2195 76 40740
343 20 1619 69 37576
344 19 1466 81 44584
345 24 1991 74 41436
346 25 1918 83 44928
347 20 1646 74 41140
348 27 2067 82 43480
349 22 1802 71 40140
350 25 2008 82 43328
351 20 1582 75 41104
352 21 1678 80 43852
353 23 1851 77 41912
354 19 1494 79 43744
355 23 1870 83 44588
356 25 1951 72 41708
357 20 1630 79 44088
358 25 1919 73 41408
359 17 1370 80 41052
360 22 1786 69 41576
361 22 1739 77 43676
362 22 1782 79 43868
363 23 1771 70 37560
364 19 1486 66 37796
365 24 1914 71 40008
366 24 1851 70 41528
367 21 1702 76 44112
368 20 1558 69 41312
369 20 1543 76 43132
370 23 1879 71 41652
371 20 1555 59 34344
372 23 1786 76 43200
373 23 1726 87 50672
374 24 1831 67 41420
375 24 1871 78 43854
376 25 2128 72 41553
377 23 1751 67 37292
378 23 1810 76 42964
379 22 1731 66 39872
380 22 1742 71 39924
381 21 1622 69 41592
382 23 1795 76 40692
383 23 1862 69 41600
384 22 1711 62 36636
385 26 2319 81 44377
386 22 1682 69 41832
387 24 1879 75 43764
388 22 1694 70 41120
389 21 1654 77 44616
390 25 2100 68 41356
391 20 1502 75 44224
392 21 1655 69 42300
393 24 1882 76 43944
394 19 1502 71 42236
395 24 1883 76 44136
396 22 1722 72 41532
397 24 1879 79 44464
398 25 2010 77 42528
399 17 1298 71 37216
400 21 1711 69 41440
401 17 1302 78 44032
402 17 1346 70 40236
403 25 2227 73 42661
404 21 1662 76 44144
405 22 1735 67 41444
406 24 1874 76 43272
407 22 1682 70 41736
408 26 2071 77 44440
409 22 1662 68 41676
410 22 1795 76 44468
411 23 1799 70 41776
412 21 1582 76 45164
413 23 1863 71 41832
414 19 1494 74 44664
415 25 1999 69 40690
416 27 2220 78 45305
417 22 1730 68 41976
418 21 1622 74 41308
419 23 1771 70 41936
420 23 1890 77 44088
421 21 1691 71 40392
422 22 1682 68 41284
423 21 1686 77 44764
424 21 1651 67 38332
425 21 1666 73 40700
426 29 2209 76 45884
427 22 1747 75 44156
428 25 1922 69 42296
429 25 1951 77 44548
430 21 1787 72 42300
431 20 1554 75 44568
432 23 1775 68 41616
433 32 9653 75 42333
434 22 1723 76 43528
435 22 1957 82 46173
436 22 1710 70 41500
437 24 1907 75 44308
438 23 1802 69 42196
439 22 1666 68 41884
440 22 1791 75 41020
441 23 1770 65 37776
442 23 1779 70 40776
443 19 1490 68 41528
444 23 1818 78 44272
445 29 2624 74 42185
446 21 1630 74 43180
447 23 1782 67 41972
448 24 1879 77 44208
449 23 1886 70 42224
450 27 2220 78 44564
451 22 1662 71 42068
452 20 1598 78 44632
453 22 1795 72 42048
454 20 1570 75 43988
455 28 2188 71 42318
456 24 2060 85 45550
457 16 1254 77 40852
458 26 2103 68 38948
459 24 1850 71 41812
460 21 1682 73 41144
461 21 1651 65 38368
462 21 1614 75 44324
463 26 2091 70 41328
464 21 1662 76 44820
465 30 12866 75 42677
466 24 1887 77 44768
467 19 1458 66 41812
468 21 1694 77 44668
469 29 2414 73 43265
470 22 1835 79 44532
471 22 1735 74 42748
472 23 1810 77 43888
473 23 1794 72 42236
474 23 1807 78 44592
475 24 1894 73 42028
476 21 1699 81 45036
477 19 1454 69 38456
478 40 5996 92 52622
479 25 1927 66 38560
480 23 1874 81 44484
481 20 1566 74 42128
482 21 1611 72 40460
483 23 1846 70 41856
484 24 1859 75 43852
485 21 1646 71 42280
486 22 1786 77 45352
487 24 1851 68 41576
488 20 1626 77 44516
489 26 1938 70 42136
490 26 2188 81 44956
491 20 1558 72 42152
492 22 1731 80 44804
493 24 1894 72 41952
494 20 1590 81 43780
495 24 1944 74 42066
496 23 1936 86 45049
497 20 1579 69 39176
498 24 1982 81 44388
499 30 9429 76 41585
500 23 1871 78 41368
501 18 1414 66 38516
502 23 1730 111 45512
503 41 3793 97 45133
504 22 1690 76 43856
505 26 2451 75 41473
506 25 1919 101 47172
507 34 2990 94 45773
508 42 3859 102 47032
509 23 1714 70 40964
510 22 1819 77 42784
511 23 1823 69 41340
512 20 1506 76 43216
513 24 1947 76 43424
514 37 3368 105 47004
515 72 7356 128 51425
516 42 3868 79 41944
517 33 2906 104 47304
518 31 2567 77 45780
519 21 1743 93 55160
520 58 5461 125 64648
521 21 1706 69 53428
522 23 1755 85 64844
523 30 2688 134 113510
524 20 1574 126 101220
525 28 2295 133 100860
526 38 3582 116 71820
527 57 5535 135 76753
528 62 5919 137 78516
529 23 1794 95 74352
530 22 1835 98 79932
531 24 1931 107 88604
532 20 1574 101 92584
533 42 29082 120 98611
534 23 1775 95 84944
535 23 1891 97 68078
536 24 2036 85 57538
537 21 1650 91 60136
538 23 1914 89 64516
539 23 1779 80 57228
540 23 1822 88 60040
541 21 1714 82 58668
542 24 1839 110 67100
543 63 6335 132 75596
544 36 3057 102 83740
545 27 2430 107 80461
546 62 5910 151 87744
547 34 3025 105 88888
548 23 1910 111 88820
549 22 1719 106 86896
550 23 1903 104 84296
551 20 1663 91 77972
552 22 1738 118 106004
553 24 1914 104 99772
554 23 1887 103 93864
555 25 1954 95 91216
556 21 1731 117 99600
557 21 1662 98 93740
558 22 1834 109 96020
559 25 1963 110 96216
560 21 1698 94 81208
561 17 1366 100 90512
562 24 1907 93 83404
563 24 2174 116 94981
564 21 1687 99 82936
565 28 2539 102 82641
566 20 1546 103 83376
567 24 1891 100 86080
568 20 1714 114 91092
569 44 3885 129 90524
570 47 4478 144 91592
571 26 2221 92 73973
572 24 1879 95 74288
573 22 1754 98 75600
574 22 1754 84 62588
575 45 23051 88 57131
576 20 1739 96 69362
577 18 1414 84 60076
578 25 2043 90 65940
579 25 1850 84 65344
580 20 1711 92 70956
581 25 1982 89 72848
582 36 3119 126 77284
583 27 2425 89 64697
584 22 1758 95 68448
585 24 1943 87 67868
586 23 1794 98 72048
587 21 1694 88 73972
588 22 1807 89 72924
589 23 1818 102 77420
590 23 1916 94 80492
591 22 1734 104 89952
592 21 1710 94 82252
593 26 2127 103 78312
594 21 1638 91 72664
595 22 1846 85 59520
596 24 1839 98 66624
597 25 2141 90 71113
598 23 1879 98 68556
599 21 1678 85 61788
600 22 1762 93 60852
601 24 1875 89 69376
602 20 1646 102 77492
603 26 2131 100 90760
604 19 1514 105 95992
605 23 1842 112 92916
606 25 1983 132 108572
607 23 1798 119 100288
608 21 1858 148 119812
609 21 1683 134 108384
610 26 2107 148 124212
611 25 1999 97 90480
612 18 1458 125 109840
613 39 16331 111 101377
614 23 1839 106 97932
615 24 1963 121 97398
616 23 1979 116 103304
617 22 1751 123 104532
618 21 1718 113 98924
619 23 1795 86 76912
620 23 1862 110 95196
621 22 1730 109 89728
622 24 1891 102 91172
623 23 1862 115 97684
624 23 1887 114 94504
625 28 2547 114 97121
626 20 1542 117 94340
627 21 1695 89 72164
628 22 1822 100 82872
629 22 1742 110 85520
630 24 2004 80 67296
631 22 1710 107 86152
632 23 1799 81 67580
633 22 1830 104 81068
634 22 1730 71 53216
635 25 2027 92 60000
636 22 1750 100 65028
637 22 1734 82 61260
638 23 1871 75 60080
639 23 1750 104 80716
640 22 1855 86 71640
641 25 1946 100 79760
642 21 1650 108 87644
643 25 2059 89 65648
644 23 1714 90 60916
645 24 1999 83 59560
646 22 1758 81 62972
647 25 2010 94 73248
648 26 2083 88 78916
649 23 1850 107 81016
650 23 1915 101 94440
651 22 2776 110 102872
652 21 2772 114 80364
653 24 3135 136 114829
654 21 2261 108 99076
655 40 3478 132 78134
656 25 2016 71 44458
657 20 1610 68 38756
658 51 6782 114 52528
659 69 6086 146 59293
660 46 3696 100 50608
661 20 1542 66 44760
662 24 1914 98 60996
663 22 1711 76 55472
664 21 1610 88 60916
665 19 1459 76 61672
666 22 1710 72 58880
667 24 1862 105 79228
668 21 1567 93 74076
669 23 1814 103 78944
670 25 1940 94 78696
671 20 1546 92 76700
672 37 2958 132 93824
673 70 5672 154 91713
674 32 2498 100 76188
675 25 1887 109 94796
676 20 1530 78 70696
677 24 1899 109 93872
678 19 1470 79 65344
679 21 1670 103 79864
680 27 2055 103 77272
681 21 1622 93 73760
682 20 1618 84 65680
683 43 22706 105 74953
684 22 1710 90 70528
685 28 2432 98 73333
686 24 1878 96 71392
687 37 5021 99 72930
688 23 1731 104 73048
689 26 2181 98 63688
690 34 2639 101 64408
691 27 2262 85 62589
692 22 1734 89 56752
693 27 2058 95 53372
694 31 2442 82 45536
695 30 2546 133 61217
696 46 3676 99 50752
697 21 1670 71 48316
698 22 1710 88 61432
699 23 1859 78 56988
700 21 1558 87 58404
701 25 1867 81 58064
702 24 1942 86 54532
703 21 1682 71 47332
704 23 1859 75 49292
705 20 1590 77 50768
706 21 1650 80 58992
707 21 1715 97 70376
708 22 1670 80 59256
709 28 2410 109 82213
710 24 1907 94 79536
711 22 1754 111 92132
712 24 1963 100 91088
713 23 1870 99 82128
714 24 1963 79 59240
715 23 1810 81 51208
716 39 3433 116 67544
717 29 3348 129 69393
718 21 2772 99 55480
719 20 2640 131 60148
720 26 2613 105 55252
721 51 29587 89 49977
722 36 2811 100 56428
723 33 2534 102 59132
724 30 2275 111 61292
725 63 5334 147 70652
726 39 3162 102 57460
727 34 2753 106 62937
728 28 2198 95 54688
729 28 2131 98 56576
730 33 2567 88 51372
731 30 2258 80 46512
732 33 2483 86 47172
733 31 2430 83 44252
734 27 2079 82 43096
735 31 2323 86 44622
736 33 2671 91 46557
737 25 1887 82 46412
738 31 2354 101 57748
739 25 2006 90 47568
740 26 1999 98 53116
741 29 2282 92 51184
742 30 2375 97 56744
743 22 2724 100 61048
744 21 2772 96 60172
745 28 3606 105 64273
746 28 2130 109 66028
747 33 2523 110 66784
748 28 2246 100 63820
749 30 2294 113 66760
750 33 2552 109 63856
751 31 2302 109 65764
752 28 2182 103 64420
753 31 2435 111 64880
754 33 2502 98 60876
755 30 2315 105 64204
756 28 2154 101 61612
757 36 9866 115 66469
758 30 2311 93 59852
759 29 2218 102 63252
760 32 2506 104 63428
761 33 2483 103 63836
762 28 2134 99 62568
763 31 2431 111 65968
764 26 1982 109 66364
765 31 2450 100 63112
766 31 2351 101 63892
767 31 2346 128 66508
768 30 2335 107 62708
769 33 2661 77 47785
770 44 3540 147 73120
771 24 1834 101 57960
772 19 1406 60 29996
773 31 2351 108 60152
774 30 2338 84 51124
775 30 2291 87 52254
776 31 2520 68 40018
777 28 2130 87 53484
778 33 2507 80 50816
779 30 2250 69 42932
780 29 2282 99 66076
781 34 2511 91 66572
782 30 2298 91 61408
783 30 2318 66 50200
784 30 2247 79 59180
785 29 2238 88 58828
786 30 2275 89 62324
787 31 2390 78 56484
788 26 2058 84 58204
789 41 3119 109 56596
790 30 2323 83 53096
791 35 2850 71 45877
792 29 2146 81 49400
793 29 2286 80 45476
794 34 2511 72 45868
795 28 2178 73 43660
796 34 2495 77 48320
797 24 1810 81 50652
798 33 2630 80 53088
799 43 16638 91 57766
800 28 2166 87 55952
801 33 2530 85 55996
802 25 1911 96 60636
803 21 1778 103 66772
804 33 2555 115 69436
805 38 3371 118 70529
806 31 2398 117 71184
807 30 2391 114 69964
808 29 2382 121 72032
809 31 2510 123 73612
810 34 2708 120 71964
811 31 2526 111 68788
812 29 2399 118 71528
813 28 2849 116 71456
814 20 2640 120 72612
815 23 2909 108 69354
816 24 2714 117 69245
817 31 2415 122 71864
818 31 2378 96 64816
819 31 2442 122 72208
820 32 2439 123 72324
821 27 2114 121 72336
822 27 2082 106 68840
823 40 3329 126 72410
824 30 2346 107 69388
825 31 2339 107 66800
826 27 2158 93 62272
827 31 2346 98 65232
828 30 2315 101 61672
829 30 2330 89 56136
830 29 2243 98 58020
831 35 2655 108 61440
832 30 2270 101 56856
833 30 2279 99 53424
834 24 1882 80 44240
835 27 2022 96 54424
836 35 2691 94 50884
837 41 8115 112 57116
838 45 5381 108 60524
839 28 2118 85 49308
840 29 2238 89 52180
841 33 2479 96 55356
842 29 2222 99 57700
843 29 2194 99 59412
844 32 2507 92 56032
845 34 2582 98 59560
846 29 2203 112 61568
847 44 3554 115 59269
848 28 2126 96 54156
849 32 2515 92 51832
850 31 2355 88 50016
851 34 2587 81 46812
852 28 2110 85 47792
853 30 2306 90 48876
854 37 3444 101 54644
855 34 3310 96 51382
856 31 3105 94 51059
857 34 2704 99 54324
858 29 2904 99 54548
859 34 2623 104 59320
860 26 2046 97 57952
861 29 2214 94 58052
862 32 3109 99 61908
863 28 2146 115 67104
864 29 2350 126 70628
865 34 2848 120 64865
866 23 1934 142 76500
867 22 1735 97 54388
868 21 1706 159 87648
869 17 1454 167 90956
870 33 3418 157 88608
871 28 2366 150 84604
872 32 2527 164 88356
873 53 5186 209 96245
874 39 3326 168 91728
875 27 2223 130 77412
876 29 2363 171 105116
877 43 16764 153 87922
878 29 2390 166 93112
879 31 2490 142 83428
880 34 3111 111 63296
881 32 2773 76 48653
882 24 1963 79 51328
883 22 1774 74 52204
884 26 2921 88 58720
885 20 2640 86 63796
886 22 3546 94 67032
887 20 2640 88 70196
888 21 2772 98 79932
889 23 2908 141 93180
890 21 2761 138 97680
891 25 3183 115 86905
892 21 2772 109 68296
893 20 2640 73 50812
894 17 2234 92 47470
895 48 15537 96 57478
896 43 26609 76 25119
897 75 8534 46 20225
898 78 7038 43 31891
899 71 6538 73 22603
900 66 6158 91 34833
901 69 6387 93 64961
902 66 6048 68 33386
903 68 6274 95 59827
904 68 6280 105 76618
905 71 6428 94 80219
906 88 8838 119 92577
907 72 6468 95 82205
908 70 6400 102 84934
909 72 6460 96 83875
910 72 6601 105 87896
911 119 76602 102 84386
912 72 6500 101 85645
913 68 6068 101 87508
914 68 6160 99 92565
915 70 6308 96 75981
916 69 6257 94 77691
917 67 6088 102 77705
918 69 6886 93 74085
919 69 6272 101 75861
920 68 6140 91 72326
921 67 6036 93 68084
922 69 6220 90 70764
923 67 6044 95 72136
924 67 6068 89 68824
925 70 6276 100 70607
926 69 6188 84 65774
927 67 6068 86 64803
928 68 6096 79 61475
929 66 5964 88 59823
930 69 6269 77 54953
931 67 6040 93 59968
932 69 6244 76 49724
933 70 6216 76 47535
934 70 6244 74 47940
935 72 6461 93 61848
936 66 5957 85 64263
937 69 6414 75 52959
938 70 6567 88 60751
939 68 6578 75 52543
940 67 6606 85 52897
941 73 6790 63 44411
942 69 6882 85 58481
943 70 6680 76 53545
944 66 5940 83 61343
945 74 7374 105 74170
946 68 6092 91 71463
947 70 6296 92 73462
948 66 6008 104 92467
949 70 6560 118 95557
950 68 6233 105 90024
951 69 6152 90 70859
952 69 6220 86 59191
953 70 6332 75 46327
954 66 6633 80 47047
955 74 6945 81 47392
956 69 6141 80 49893
957 68 6220 74 47749
958 65 5892 87 56244
959 63 5728 65 45017
960 67 6136 77 54781
961 69 6180 92 67892
962 68 6120 70 58283
963 65 5912 104 78065
964 68 6120 96 74882
965 68 6124 88 70329
966 69 6200 109 90222
967 69 6264 86 74629
968 68 6152 101 86231
969 65 5928 100 91993
970 71 7166 102 87868
971 66 5904 93 84130
972 68 6192 103 88251
973 70 6236 93 87286
974 67 6064 101 85749
975 72 6450 96 79280
976 68 6129 104 78547
977 69 6469 94 75245
978 65 5968 78 59827
979 65 5872 92 68824
980 69 6300 111 81931
981 66 5964 89 71230
982 67 6116 82 63983
983 68 6132 94 72079
984 67 6036 89 68692
985 69 6220 95 69193
986 71 6312 81 64285
987 65 5960 85 63702
988 66 5972 89 60947
989 67 6036 79 55589
990 70 6421 85 54193
991 68 6116 80 53876
992 67 6052 81 51668
993 69 6236 76 47246
994 67 5972 79 53544
995 68 6172 85 65098
996 70 6269 89 62270
997 67 6088 75 56906
998 68 6152 93 63907
999 69 6160 81 48426
1000 66 6016 72 45239
1001 66 6721 82 53571
1002 68 6172 79 55287
1003 68 6124 89 62221
1004 67 6020 85 63307
1005 71 6308 92 69739
1006 68 6132 98 78876
1007 68 6152 99 83873
1008 68 6104 102 89766
1009 67 6088 101 91864
1010 70 6369 102 80546
1011 67 6012 79 59234
1012 108 18733 111 63668
1013 64 5796 74 43786
1014 69 6204 80 46533
1015 79 7287 78 45921
1016 69 6189 83 49657
1017 77 7916 86 58857
1018 76 8827 87 51582
1019 81 6880 96 61605
1020 70 6356 79 59542
1021 67 6012 87 65334
1022 68 6180 81 65822
1023 65 5900 89 69712
1024 68 6072 102 75970
1025 69 6232 86 70342
1026 71 6367 115 90615
1027 63 5712 95 76232
1028 68 6200 95 83071
1029 62 5704 109 94286
1030 68 6192 92 82777
1031 67 6040 104 86806
1032 67 6080 92 85399
1033 70 6304 103 87809
1034 67 6096 92 80785
1035 70 6288 103 80336
1036 68 6145 95 75070
1037 66 5984 94 69223
1038 68 6232 88 66952
1039 67 6024 98 74437
1040 70 6240 82 64340
1041 65 5936 92 66682
1042 83 16791 98 77222
1043 69 6220 100 71256
1044 70 6260 86 66181
1045 68 6164 91 66654
1046 65 5860 85 63487
1047 66 5988 81 59456
1048 72 6460 81 58433
1049 67 6036 78 52641
1050 66 6045 86 52901
1051 68 6092 72 48345
1052 63 5756 82 50120
1053 72 6420 75 50902
1054 67 6072 82 56089
1055 73 6438 93 61711
1056 70 6269 81 60723
1057 67 7109 82 52671
1058 67 6096 80 50684
1059 68 6120 68 47959
1060 71 6348 81 53997
1061 62 5660 70 51621
1062 71 6276 84 60632
1063 67 6108 81 62594
1064 64 5788 90 68493
1065 68 6152 88 72724
1066 68 6825 96 79883
1067 67 6048 99 85911
1068 69 6292 127 96182
1069 65 5904 93 84859
1070 71 6425 90 68734
1071 67 6024 71 52430
1072 67 6024 75 45851
1073 68 6128 58 36609
1074 67 6012 79 48544
1075 77 7065 82 48337
1076 65 5897 58 39451
1077 66 5940 82 55374
1078 69 6224 75 56068
1079 66 5960 80 61250
1080 69 6228 73 61446
1081 68 6148 70 59610
1082 68 6076 110 86698
1083 68 6232 80 69218
1084 68 6152 101 79954
1085 68 6176 105 93179
1086 67 6044 82 74616
1087 66 5980 105 93689
1088 68 6152 88 82509
1089 68 6168 95 84717
1090 68 6249 90 82257
1091 67 6032 95 85609
1092 67 6080 85 77616
1093 67 6140 106 92452
1094 65 5884 89 76905
1095 72 6486 99 76909
1096 65 5885 84 66217
1097 68 6306 90 68254
1098 71 6344 92 72672
1099 64 5912 95 73385
1100 70 6292 90 70422
1101 66 5988 95 72239
1102 67 6036 88 68888
1103 70 6332 96 69752
1104 63 5700 86 65529
1105 71 6412 91 66353
1106 71 6236 82 61472
1107 66 6036 84 60201
1108 68 6116 78 55183
1109 69 6168 86 55093
1110 69 6285 78 50729
1111 68 6196 84 52197
1112 69 6148 74 49157
1113 69 6228 88 61142
1114 66 5964 79 59225
1115 68 6196 89 59836
1116 68 6077 83 58955
1117 71 6320 87 58271
1118 71 6428 76 48970
1119 68 6100 81 51666
1120 68 6132 85 54327
1121 68 6080 76 55307
1122 67 6044 91 63207
1123 72 6571 95 65375
1124 72 6511 101 72283
1125 66 6048 90 77966
1126 67 6016 105 85835
1127 67 6040 102 89772
1128 65 5984 103 91201
1129 68 6204 99 79138
1130 68 6197 80 58344
1131 68 6100 83 50597
1132 68 6092 74 45214
1133 64 5896 80 46287
1134 69 6144 71 44706
1135 77 7155 91 51968
1136 73 6838 84 53283
1137 69 6325 91 58862
1138 68 6164 78 59203
1139 66 5988 86 64026
1140 69 6216 77 62575
1141 67 5996 90 68541
1142 68 6132 90 69918
1143 66 6056 93 74792
1144 67 6096 103 79730
1145 68 6184 94 79541
1146 67 6040 102 84165
1147 67 6056 93 82925
1148 68 6152 102 88291
1149 69 6192 93 84042
1150 71 6473 104 87551
1151 65 5896 92 86606
1152 67 6064 100 86163
1153 71 6400 88 73673
1154 65 5952 101 80022
1155 66 6020 94 74636
1156 65 5937 79 60927
1157 67 6072 110 83692
1158 65 6020 102 75621
1159 67 6008 89 71629
1160 68 6172 99 73355
1161 68 6140 87 69116
1162 90 14213 117 82601
1163 76 6723 96 74770
1164 67 6020 83 63941
1165 67 6116 88 63407
1166 69 6124 81 58441
1167 66 5988 84 57640
1168 71 6420 80 52919
1169 66 5988 83 52734
1170 68 6241 76 48368
1171 68 6100 81 49747
1172 68 6124 76 52754
1173 66 5952 82 56466
1174 66 5952 73 53486
1175 89 10802 95 62610
1176 69 6101 79 60060
1177 68 6350 82 56167
1178 70 6248 70 48876
1179 64 5788 80 52205
1180 70 6348 77 53505
1181 65 5860 73 53120
1182 65 5940 101 70920
1183 70 6324 96 72215
1184 66 5960 81 66667
1185 69 6272 96 80231
1186 68 6112 109 89552
1187 66 5960 112 101058
1188 69 6232 101 84166
1189 66 5960 83 62937
1190 66 6036 85 53135
1191 65 5940 74 43000
1192 67 6004 80 45685
1193 65 6024 77 44747
1194 68 6064 68 41241
1195 75 7045 81 51365
1196 69 6109 75 53902
1197 81 8109 100 67014
1198 77 11259 83 59923
1199 66 5964 78 63478
1200 69 6228 90 68920
1201 66 5992 94 71203
1202 69 6168 94 74878
1203 68 6192 104 80055
1204 67 6040 94 81011
1205 67 6112 93 83251
1206 66 5984 103 85817
1207 76 9443 98 87539
1208 94 11739 123 105123
1209 64 5792 94 78818
1210 68 6249 92 86183
1211 68 6168 103 88338
1212 69 6216 95 80518
1213 71 7153 103 81440
1214 65 5932 84 67935
1215 68 6098 103 77042
1216 70 6317 96 73092
1217 69 6322 108 82340
1218 68 6212 84 64778
1219 67 6028 101 78281
1220 66 5980 89 69001
1221 68 6204 89 64820
1222 62 5692 88 66316
1223 67 6164 90 66008
1224 67 6068 83 66623
1225 68 6044 86 60738
1226 71 6380 75 50769
1227 68 6044 78 52458
1228 68 6220 86 52743
1229 67 6036 72 47707
1230 69 6221 83 49714
1231 70 6312 82 52154
1232 65 5908 75 53828
1233 66 6012 92 62010
1234 67 6016 75 51177
1235 68 6148 90 61211
1236 67 6089 77 53263
1237 69 6196 73 46336
1238 66 5996 77 52989
1239 67 6044 78 49644
1240 68 6140 80 56112
1241 70 6284 91 62913
1242 65 5876 87 66545
1243 67 6092 94 79697
1244 66 6024 86 72727
1245 68 6160 106 87069
1246 70 6272 121 103246
1247 65 5912 88 77869
1248 70 6236 102 76632
1249 69 6252 72 48849
1250 66 5964 76 48931
1251 68 6172 83 46907
1252 66 5960 64 36287
1253 64 5932 83 47365
1254 71 6260 77 50841
1255 70 6655 76 43917
1256 70 6301 79 53451
1257 68 6269 95 65051
1258 70 6288 86 61824
1259 65 5904 75 56677
1260 69 6204 97 74834
1261 67 6104 92 71271
1262 66 6000 102 78437
1263 66 6060 94 78265
1264 70 6272 100 83945
1265 65 5936 96 83790
1266 70 6288 103 86932
1267 69 6176 92 83169
1268 67 6128 102 86305
1269 67 6064 91 84082
1270 70 6321 98 80637
1271 67 6128 95 81597
1272 68 6120 92 73901
1273 68 6144 86 68543
1274 65 5952 86 62918
1275 66 6000 100 79878
1276 69 6269 105 75394
1277 68 6144 81 65283
1278 68 6224 103 79405
1279 68 6092 88 69364
1280 69 6156 97 70529
1281 68 6184 91 68359
1282 68 6096 72 53674
1283 68 6180 96 70914
1284 65 5884 90 66984
1285 65 5908 77 52377
1286 68 6164 88 57409
1287 67 6036 76 51010
1288 70 6284 85 53231
1289 68 6156 83 54697
1290 67 6248 102 48001
1291 68 6201 91 60677
1292 65 5977 107 59332
1293 68 6136 108 58752
1294 69 6220 89 66493
1295 67 6022 89 62349
1296 73 6489 75 50984
1297 68 6297 84 48284
1298 68 6164 80 55057
1299 67 6036 85 57581
1300 66 5972 76 55412
1301 71 6396 101 72287
1302 63 5776 92 72532
1303 68 6220 96 75746
1304 67 6052 95 81880
1305 69 6240 112 93813
1306 67 6080 101 90563
1307 71 6328 97 77567
1308 64 5920 86 59094
1309 69 6168 74 45986
1310 71 6353 82 44724
1311 68 6192 69 39804
1312 67 6092 81 46557
1313 69 6184 74 47272
1314 68 6060 86 54381
1315 68 6497 66 43363
1316 70 6305 100 67608
1317 65 5956 79 58634
1318 68 6144 78 57037
1319 68 6104 90 72470
1320 66 5976 93 70331
1321 68 6212 93 74090
1322 67 6064 105 79245
1323 70 6340 94 80634
1324 66 5960 101 83914
1325 69 6216 93 83322
1326 74 6819 108 86731
1327 68 6096 95 84153
1328 66 6072 93 82537
1329 70 6232 97 81073
1330 69 6193 84 76479
1331 65 6000 101 81311
1332 70 6296 98 77440
1333 65 6020 100 76712
1334 68 6080 89 72717
1335 69 6198 101 76041
1336 72 6453 89 72233
1337 67 6209 103 74136
1338 68 6192 89 69846
1339 66 5964 95 71643
1340 67 6064 88 67926
1341 66 6016 95 68182
1342 67 6080 81 62334
1343 68 6128 87 62660
1344 70 6212 77 57442
1345 69 6224 88 58364
1346 67 6092 78 51937
1347 69 6180 81 51631
1348 67 6064 77 48166
1349 64 5828 70 42737
1350 66 5956 81 52717
1351 66 6052 79 58694
1352 66 5968 85 56069
1353 67 6088 78 56989
1354 70 6232 89 61977
1355 68 6092 74 52028
1356 72 6565 84 50648
1357 66 5912 82 51540
1358 69 6296 77 53615
1359 67 6076 88 60965
1360 65 5936 88 61891
1361 68 6176 94 69171
1362 66 5932 81 71314
1363 65 5988 96 80420
1364 71 6360 101 87715
1365 63 5792 111 94515
1366 69 6288 95 83077
1367 67 6008 92 66542
1368 69 6228 73 46836
1369 67 6036 72 42867
1370 69 6233 82 45179
1371 70 6280 74 42524
1372 66 5940 79 46265
1373 68 6196 76 48729
1374 69 6156 87 53787
1375 67 6146 81 54498
1376 81 7679 92 60295
1377 74 7556 85 61673
1378 81 9122 77 58375
1379 66 6000 103 81195
1380 65 5908 79 58629
1381 69 6232 101 77660
1382 63 5840 116 94753
1383 71 6448 96 80212
1384 64 5864 100 85307
1385 68 6120 88 76169
1386 69 6224 92 83593
1387 70 6248 112 93331
1388 66 6060 88 76385
1389 68 6056 100 88372
1390 68 6225 95 80519
1391 72 6448 100 80945
1392 65 5896 94 75048
1393 69 6244 100 75852
1394 66 5996 91 73305
1395 66 6028 103 75036
1396 70 6337 89 71146
1397 69 6148 96 72678
1398 68 6204 95 71967
1399 66 5980 90 68660
1400 69 6204 95 68897
1401 69 6232 83 63885
1402 67 6044 84 63662
1403 70 6284 88 61490
1404 67 6084 80 55676
1405 68 6148 85 56150
1406 68 6164 74 50101
1407 68 6072 84 51714
1408 68 6164 71 43811
1409 68 6128 77 47360
1410 65 5953 72 52623
1411 70 6300 84 61138
1412 64 5776 76 56322
1413 67 6120 87 61350
1414 68 6072 73 50089
1415 66 6046 81 50516
1416 71 6365 76 49130
1417 71 6477 89 54450
1418 69 6228 88 58615
1419 68 6092 88 62002
1420 66 5972 96 69136
1421 69 6276 89 71891
1422 68 6148 97 79822
1423 73 6722 108 85650
1424 69 6216 114 94254
1425 68 6176 95 87840
1426 67 6096 84 65935
1427 71 6260 87 58038
1428 67 6024 76 43929
1429 64 5920 70 39085
1430 68 6149 65 41018
1431 69 6228 78 47958
1432 64 5800 69 46926
1433 68 6080 81 53182
1434 69 6200 73 52892
1435 66 6132 81 58749
1436 73 6734 77 59742
1437 69 6136 84 66863
1438 65 5912 84 67238
1439 68 6164 100 73943
1440 66 5944 100 78157
1441 68 6232 89 77872
1442 69 6224 101 82965
1443 65 5944 95 82288
1444 67 6080 85 75824
1445 68 6120 89 78419
1446 67 6128 89 83118
1447 67 6016 95 79342
1448 67 6032 87 78852
1449 69 6224 93 78034
1450 68 6225 89 79490
1451 68 6192 95 78626
1452 66 5964 92 73968
1453 69 6224 103 76349
1454 69 6252 92 72097
1455 68 6078 100 73986
1456 71 6469 89 70570
1457 67 6173 94 66853
1458 67 5988 92 68233
1459 66 6044 96 70153
1460 66 5964 84 64279
1461 68 6148 83 64832
1462 64 5848 74 59880
1463 68 6128 81 60734
1464 71 6312 75 54566
1465 68 6080 82 55254
1466 69 6276 76 49216
1467 66 5864 69 48901
1468 67 6024 76 49550
1469 70 6296 81 56547
1470 71 6357 75 59495
1471 70 6312 84 60372
1472 66 5972 78 60662
1473 67 6028 80 55357
1474 69 6200 67 48806
1475 66 5964 78 46892
1476 69 6241 77 53801
1477 69 6220 86 56791
1478 65 5924 89 62245
1479 66 6004 87 63942
1480 68 6148 94 71185
1481 66 5996 93 76042
1482 68 6140 103 83232
1483 69 6192 94 80917
1484 72 6472 121 103194
1485 67 6056 93 79275
1486 68 6144 77 56538
1487 69 6148 84 51742
1488 68 6092 74 43204
1489 70 6344 81 46206
1490 68 6101 82 47635
1491 72 6436 74 47329
1492 65 5884 84 51656
1493 70 6264 76 52482
1494 68 6220 88 59622
1495 71 6366 83 60144
1496 71 6626 82 64182
1497 73 6601 89 68601
1498 66 5976 89 69550
1499 68 6192 104 78763
1500 67 6068 93 77842
1501 71 6360 103 82305
1502 65 5952 100 84220
1503 68 6112 92 82896
1504 69 6248 102 86552
1505 69 6216 96 84873
1506 66 6048 85 76018
1507 67 6000 97 79633
1508 65 5920 99 86857
1509 66 6024 96 79951
1510 62 5688 100 79288
1511 66 6064 92 74077
1512 68 6112 103 76264
1513 65 5916 88 71921
1514 68 6168 99 74756
1515 68 6128 88 71069
1516 68 6173 99 73625
1517 69 6128 91 70066
1518 66 5988 96 70680
1519 69 6240 96 69203
1520 68 6092 82 64344
1521 67 6116 89 65003
1522 69 6236 81 59147
1523 67 5984 81 52988
1524 67 6108 79 53738
1525 67 6044 84 53887
1526 67 6096 78 47354
1527 68 6132 72 48355
1528 68 6100 87 53922
1529 67 6108 78 57792
1530 69 6221 87 61563
1531 67 6108 84 61711
1532 68 6148 87 57887
1533 67 5996 76 53234
1534 68 6176 84 51869
1535 67 6026 75 49957
1536 67 6081 85 54983
1537 67 6189 78 57652
1538 71 6348 86 63586
1539 66 6004 84 67462
1540 68 6148 92 73770
1541 74 8028 95 78828
1542 68 6160 114 89249
1543 67 6060 118 94436
1544 70 6360 107 90769
1545 67 5992 83 69122
1546 68 6148 76 51160
1547 66 5960 68 42712
1548 68 6036 71 39738
1549 68 6152 81 48130
1550 69 6193 80 48028
1551 69 6256 68 46587
1552 66 5932 64 44066
1553 68 6080 80 54534
1554 66 5984 74 53975
1555 69 6348 82 59679
1556 73 6674 76 61316
1557 79 8667 95 79526
1558 89 13717 85 67779
1559 69 6292 97 74093
1560 67 6032 82 67702
1561 80 7836 113 92549
1562 70 7520 85 68872
1563 67 6056 86 82975
1564 69 6248 108 96313
1565 67 6112 88 79233
1566 67 6104 81 77832
1567 65 5944 91 88340
1568 70 6224 98 87836
1569 68 6184 110 90350
1570 67 6177 93 76466
1571 66 6080 94 70019
1572 66 5984 100 80120
1573 67 6096 93 69680
1574 68 6152 97 73105
1575 72 6386 97 73533
1576 68 6201 103 81495
1577 69 6425 100 76877
1578 68 6044 86 66606
1579 70 6332 99 73824
1580 64 5820 77 62728
1581 70 6332 89 62887
1582 68 6092 74 53991
1583 66 5988 91 60134
1584 67 6088 68 43176
1585 67 6044 93 58035
1586 68 6212 69 46258
1587 66 5968 80 48728
1588 66 5996 78 57458
1589 70 6292 91 66168
1590 67 6053 79 63698
1591 68 6188 92 67056
1592 69 6200 96 72950
1593 69 6204 71 52435
1594 70 6276 94 61945
1595 67 6120 80 52047
1596 68 6309 100 62532
1597 69 6196 94 68963
1598 67 6032 78 62326
1599 69 6296 95 71807
1600 66 6008 87 73618
1601 70 6296 117 101906
1602 66 6008 102 92112
1603 70 6292 97 83617
1604 68 6220 97 74069
1605 65 5824 71 47619
1606 67 6124 99 59579
1607 66 6004 86 48676
1608 70 6252 83 48700
1609 68 6164 95 57611
1610 67 6133 79 49285
1611 66 5980 86 52941
1612 68 6132 82 54037
1613 69 6156 81 57501
1614 67 6124 97 70384
1615 71 6414 80 59628
1616 70 6497 106 78697
1617 68 6269 88 67063
1618 70 6296 113 86884
1619 68 6160 89 72880
1620 66 6008 113 93346
1621 67 6104 93 79378
1622 68 6120 93 86291
1623 66 6032 101 88654
1624 68 6144 88 78983
1625 64 5896 86 73964
1626 68 6188 96 91285
1627 69 6204 114 101462
1628 68 6128 85 76084
1629 70 6292 101 81519
1630 70 6309 111 88464
1631 69 6216 94 77687
1632 68 6297 93 72882
1633 71 6917 102 83569
1634 69 6641 104 81298
1635 67 6040 96 75147
1636 67 6044 92 70760
1637 68 6172 97 76679
1638 70 6228 88 69191
1639 65 5972 81 64170
1640 69 6556 86 62935
1641 69 6180 84 57997
1642 70 6308 86 58810
1643 66 5936 80 49322
1644 68 6684 75 49521
1645 81 7900 99 59842
1646 79 7233 80 51166
1647 79 7567 96 58200
1648 72 6688 75 57181
1649 71 6372 95 73632
1650 70 6301 109 73213
1651 69 6212 87 67527
1652 71 6616 92 65060
1653 70 6438 83 55638
1654 81 7226 91 58942
1655 68 6074 90 66852
1656 67 5978 78 65627
1657 71 6457 97 74433
1658 71 6328 94 76112
1659 69 6344 95 82584
1660 68 6060 107 85001
1661 64 5876 125 100341
1662 68 6240 119 93678
1663 68 6156 109 79944
1664 71 6756 110 82803
1665 66 6171 127 71099
1666 67 6127 87 64976
1667 69 6236 83 52749
1668 66 5932 84 48567
1669 63 5812 66 43483
1670 68 6156 94 58801
1671 66 5980 70 48984
1672 65 5932 94 62960
1673 68 6076 72 53258
1674 67 6117 88 68933
1675 68 6212 76 64860
1676 78 6893 98 71798
1677 68 6204 87 71628
1678 68 6112 98 78853
1679 70 6296 93 80603
1680 67 6044 85 69951
1681 68 6156 99 89688
1682 66 6064 104 87084
1683 66 6012 97 86806
1684 68 6156 102 86677
1685 66 6036 92 85804
1686 66 5992 102 87499
1687 69 6240 94 79770
1688 66 5976 104 80209
1689 68 6216 84 68082
1690 71 6341 91 73289
1691 66 5984 102 75128
1692 70 6336 91 71884
1693 66 5952 98 74215
1694 69 6309 97 77118
1695 72 6426 95 71421
1696 69 6560 89 68323
1697 70 6284 98 69605
1698 68 6289 86 64532
1699 69 6252 85 63342
1700 65 5912 84 56293
1701 68 6168 72 51090
1702 66 6028 70 48845
1703 64 5828 86 53107
1704 69 6292 84 51727
1705 66 5980 72 47051
1706 68 6100 83 51207
1707 68 6148 82 58426
1708 67 6004 91 62426
1709 72 6420 80 57143
1710 66 6005 91 61558
1711 69 6196 79 55682
1712 68 6136 72 48815
1713 65 5924 80 51833
1714 72 6461 84 54513
1715 67 6036 81 56892
1716 68 6100 90 63679
1717 68 6172 80 59768
1718 68 6068 107 79724
1719 71 6400 93 77241
1720 67 6088 99 80320
1721 67 6008 103 91682
1722 68 6192 109 91184
1723 76 6898 87 64479
1724 68 6222 86 56508
1725 70 6237 77 44584
1726 67 6141 81 44387
1727 70 6252 72 41783
1728 68 6116 83 47116
1729 67 6092 74 47654
1730 70 6269 77 50291
1731 69 6204 84 55056
1732 69 6188 80 56165
1733 65 5896 85 62315
1734 67 6120 80 64588
1735 72 6498 81 66265
1736 72 6617 104 74435
1737 72 7337 98 77165
1738 82 9538 111 88929
1739 67 6112 94 80478
1740 68 6120 102 85013
1741 68 6160 94 83845
1742 68 6232 101 85932
1743 67 6016 96 82884
1744 69 6256 100 86365
1745 68 6176 94 87077
1746 70 6281 92 81949
1747 65 5976 105 82422
1748 67 6112 100 78463
1749 71 6344 97 76064
1750 66 6017 100 75755
1751 70 6308 88 72049
1752 69 6204 89 71275
1753 64 5860 96 72843
1754 71 6413 89 69233
1755 67 6076 96 71944
1756 70 6204 87 66489
1757 64 5884 94 67260
1758 70 6264 81 62316
1759 68 6164 87 62016
1760 70 6604 77 56540
1761 69 6156 88 57293
1762 78 8289 85 52081
1763 105 12070 113 109375
1764 67 6108 72 47990
1765 67 6028 79 49282
1766 66 5981 80 56542
1767 67 6116 93 61625
1768 68 6124 76 57198
1769 68 6156 84 56649
1770 70 6277 85 63802
1771 66 5972 83 54142
1772 69 6252 78 50957
1773 66 5984 88 54302
1774 67 6093 78 54293
1775 73 6446 90 62551
1776 66 5980 87 64207
1777 70 6284 101 72230
1778 63 5708 82 69640
1779 71 6440 103 83958
1780 63 5816 101 89438
1781 66 5912 102 85079
1782 69 6312 94 76165
1783 68 6100 86 61163
1784 69 6280 75 47710
1785 68 6100 81 46249
1786 66 6013 72 42143
1787 67 6076 83 46852
1788 68 6068 72 46864
1789 71 6340 87 52503
1790 67 6109 71 46808
1791 66 6016 86 58104
1792 70 6284 86 63657
1793 66 5940 88 65321
1794 68 6197 78 64660
1795 72 6556 98 72605
1796 73 6673 94 73859
1797 62 5792 101 79420
1798 66 6056 103 82858
1799 69 6216 96 81863
1800 69 6224 100 85189
1801 66 5984 93 78764
1802 69 6216 85 76361
1803 71 6490 105 86754
1804 70 6344 95 86911
1805 68 6120 102 87404
1806 66 6033 93 79640
1807 72 6464 100 79459
1808 66 5984 96 74123
1809 68 6156 93 73607
1810 68 6177 99 75339
1811 66 5988 98 74173
1812 69 6220 90 70990
1813 69 6204 95 72384
1814 70 6341 88 68793
1815 71 6294 96 69994
1816 67 6036 90 66200
1817 67 6116 93 66203
1818 66 5964 79 60807
1819 69 6268 89 60640
1820 66 5912 71 49950
1821 67 6044 85 54352
1822 68 6160 71 44864
1823 66 5988 80 50068
1824 68 6164 76 46882
1825 67 6092 83 53061
1826 71 6341 80 58535
1827 68 6172 88 60770
1828 64 5860 74 52534
1829 66 6004 89 61492
1830 66 6037 84 53628
1831 65 5900 65 43555
1832 67 6108 88 56735
1833 67 6044 87 55988
1834 71 6349 83 59633
1835 65 5912 86 58042
1836 69 6196 89 67334
1837 68 6156 95 71371
1838 68 6112 83 70385
1839 70 6344 107 88241
1840 66 5936 104 85972
1841 69 6216 92 83509
1842 67 6096 95 70137
1843 68 6245 78 52239
1844 70 6236 80 46441
1845 68 6172 75 42537
1846 66 5973 82 45570
1847 70 6276 74 45980
1848 65 5952 85 55624
1849 70 6244 68 46913
1850 66 5997 88 61121
1851 71 6276 67 51413
1852 68 6144 74 59668
1853 67 6028 85 65673
1854 67 6061 79 66291
1855 73 6678 95 75291
1856 70 6461 88 77964
1857 69 6232 111 88716
1858 66 6000 95 87421
1859 69 6168 102 88580
1860 69 6288 93 84744
1861 67 6064 107 94183
1862 67 6136 96 78021
1863 67 6120 94 83820
1864 66 5928 104 88861
1865 70 6392 95 82614
1866 70 6265 101 80467
1867 66 6024 94 75645
1868 69 6244 110 82685
1869 64 5848 85 65804
1870 68 6189 91 71688
1871 67 6048 96 73722
1872 119 12550 140 93885
1873 68 6148 94 71739
1874 68 6125 87 68427
1875 66 6012 103 75410
1876 68 6172 92 66879
1877 66 6040 70 51307
1878 65 5908 82 63978
1879 68 6092 89 58489
1880 69 6268 72 48673
1881 68 6100 87 53278
1882 70 6324 77 53110
1883 70 6333 65 39309
1884 66 5996 93 58686
1885 71 6380 88 61158
1886 68 6093 75 53913
1887 95 11992 96 68533
1888 65 5868 89 60201
1889 68 6052 93 62468
1890 68 6229 78 52534
1891 67 6036 70 44726
1892 68 6156 87 54224
1893 69 6196 77 55498
1894 66 6005 91 63099
1895 70 6286 91 65227
1896 69 6156 97 71558
1897 68 6136 90 74994
1898 68 6152 102 85386
1899 66 6008 94 82685
1900 68 6152 118 101627
1901 69 6164 86 69448
1902 67 6116 88 61788
1903 69 6216 74 46076
1904 66 6000 79 44076
1905 69 6200 77 42162
1906 69 6268 80 46895
1907 65 5940 70 43271
1908 69 6148 89 57338
1909 68 6080 79 54301
1910 67 6153 86 60131
1911 68 6100 76 54465
1912 71 6360 93 71076
1913 67 6064 84 67521
1914 66 6029 100 74513
1915 77 7114 99 76728
1916 71 6565 96 79327
1917 93 20410 111 84462
1918 77 8751 95 82716
1919 69 6144 95 77852
1920 75 6688 94 83465
1921 68 6156 100 86277
1922 70 6272 94 85269
1923 68 6289 104 90048
1924 68 6160 93 83740
1925 67 6072 93 75771
1926 67 6088 102 85327
1927 66 6032 102 77994
1928 67 6040 93 74199
1929 70 6244 102 75076
1930 68 6225 88 71245
1931 66 5984 97 73336
1932 70 6284 90 70101
1933 68 6120 96 71260
1934 69 6193 87 67672
1935 71 6434 94 67268
1936 64 5856 76 56777
1937 72 6408 77 59477
1938 63 5736 80 55003
1939 69 6168 81 55228
1940 68 6164 85 54584
1941 69 6176 75 49635
1942 69 6200 81 50385
1943 67 6092 72 47027
1944 70 6204 87 57541
1945 68 6176 80 58854
1946 68 6117 86 60277
1947 67 6140 80 57241
1948 62 5656 74 54270
1949 68 6044 89 60287
1950 71 6473 85 51509
1951 67 6036 74 49601
1952 69 6268 85 56146
1953 74 6663 84 56606
1954 69 6209 96 66203
1955 68 6160 83 62911
1956 64 5824 90 69270
1957 68 6144 86 73084
1958 69 6256 111 92344
1959 69 6208 103 92846
1960 69 6200 102 83316
1961 64 5864 79 61088
1962 66 6064 87 52116
1963 71 6381 72 43797
1964 65 5952 79 43820
1965 66 5988 77 47682
1966 67 6049 75 47314
1967 67 6104 87 52167
1968 67 6092 85 56036
1969 70 6292 79 56454
1970 67 6097 87 62492
1971 69 6204 78 62292
1972 68 6160 86 63238
1973 66 5996 90 70381
1974 67 6049 103 77570
1975 70 6530 88 71376
1976 73 6669 90 74227
1977 67 6184 100 85794
1978 67 6040 97 80008
1979 68 6192 93 83978
1980 68 6160 104 86909
1981 68 6144 99 87008
1982 68 6216 94 87218
1983 69 6176 101 89457
1984 64 5840 93 80912
1985 69 6256 104 80126
1986 70 6293 88 67491
1987 69 6256 85 68311
1988 62 5740 113 88564
1989 66 5968 83 64983
1990 67 6173 102 78976
1991 67 6044 84 64187
1992 68 6136 99 72391
1993 73 6794 81 62071
1994 72 7179 101 76243
1995 65 6376 82 59557
1996 67 6056 95 70955
1997 69 6264 88 61331
1998 68 6092 77 55977
1999 67 6064 85 56055
2000 71 6368 78 50775
2001 67 6044 82 51231
2002 68 6212 75 48293
2003 71 6284 82 53384
2004 68 6241 81 58715
2005 68 6172 89 60857
2006 69 6201 76 55486
2007 66 6060 93 61906
2008 69 6180 85 56828
2009 67 6064 71 48859
2010 73 6529 84 52645
2011 65 5884 75 51617
2012 69 6268 94 60235
2013 70 6168 85 63118
2014 66 6028 80 61447
2015 69 6190 99 76086
2016 65 5916 92 76063
2017 68 6192 106 87679
2018 66 6000 104 91989
2019 67 6048 102 88791
2020 70 6320 90 69288
2021 68 6593 84 56070
2022 65 5952 68 40960
2023 75 6914 94 49975
2024 68 6084 75 44350
2025 67 6100 83 47524
2026 68 6101 73 48443
2027 68 6204 90 54530
2028 63 5776 78 54574
2029 69 6176 84 60188
2030 70 6333 81 61011
2031 67 6028 88 67192
2032 71 6380 88 68021
2033 67 6052 98 74041
2034 71 6332 84 68766
2035 66 6008 95 79687
2036 71 6725 104 83941
2037 70 6296 94 81285
2038 67 6112 101 86005
2039 66 6000 95 83396
2040 71 6352 102 84718
2041 64 5840 96 84072
2042 68 6192 102 88638
2043 67 6088 94 81689
2044 69 6345 104 81575
2045 67 6128 93 75235
2046 68 6181 102 76093
2047 70 6284 90 72353
2048 69 6224 96 73661
2049 66 5980 87 70479
2050 71 6397 100 73234
2051 66 5964 90 70349
2052 67 6076 94 70798
2053 69 6232 87 66645
2054 67 6032 78 58618
2055 74 6566 88 64687
2056 81 8727 79 60540
2057 80 7498 85 59269
2058 67 6690 82 54713
2059 81 6828 83 53172
2060 86 7850 75 48762
2061 69 6479 81 49816
2062 68 6327 74 47177
2063 67 6295 89 59517
2064 71 7173 79 58826
2065 68 6407 91 61308
2066 68 6360 78 56557
2067 65 6107 89 60181
2068 76 6891 76 50016
2069 66 6175 83 51780
2070 72 6680 75 49963
2071 67 6259 82 53025
2072 70 7141 82 60065
2073 70 6264 91 62382
2074 67 6105 87 70252
2075 69 6232 99 75120
2076 66 6093 97 81757
2077 66 5984 109 92084
2078 70 6429 99 90777
2079 69 6260 103 78757
2080 69 6196 79 57952
2081 67 6092 81 49899
2082 69 6148 72 42862
2083 66 6044 81 46096
2084 70 6373 77 44164
2085 70 6316 83 51342
2086 65 5892 77 50505
2087 65 5888 85 54253
2088 69 6674 80 55740
2089 68 6100 86 61089
2090 72 6513 77 56495
2091 67 6016 89 67168
2092 68 6084 81 62896
2093 68 6120 96 69271
2094 68 6160 93 77026
2095 69 6274 104 82462
2096 72 6717 95 81754
2097 70 6360 100 84545
2098 85 10223 105 91309
2099 69 6176 101 85844
2100 68 6160 97 83378
2101 66 5960 102 87941
2102 68 6112 92 83503
2103 68 6240 105 82004
2104 68 6144 93 75477
2105 67 6136 100 76447
2106 69 6185 90 71880
2107 73 9243 100 75272
2108 92 12685 119 89108
2109 67 6040 89 70351
2110 72 6501 96 72051
2111 68 6072 81 63065
2112 66 5944 84 61646
2113 68 6136 88 61662
2114 66 6028 81 63172
2115 68 6152 80 57238
2116 69 6188 78 57283
2117 63 5836 86 57054
2118 70 6204 80 51642
2119 67 6036 80 51676
2120 69 6212 76 48064
2121 67 6092 83 49536
2122 66 5916 74 51791
2123 69 6276 87 60650
2124 68 6213 80 58128
2125 70 6332 93 61226
2126 67 6069 77 55098
2127 68 6132 84 54335
2128 67 6108 75 48303
2129 68 6096 80 51744
2130 71 6417 75 49016
2131 66 5932 78 58118
2132 68 6180 94 65613
2133 67 6100 100 72847
2134 67 6044 90 73608
2135 69 6274 103 84658
2136 67 6120 98 87867
2137 68 6132 111 95119
2138 66 6072 96 83300
2139 66 5976 91 68076
2140 69 6212 76 50256
2141 77 6688 84 45478
2142 77 6780 77 41705
2143 73 6540 86 46771
2144 68 6100 83 48477
2145 68 6164 75 48037
2146 70 6229 85 54066
2147 66 5932 77 53906
2148 69 6324 88 59576
2149 66 5944 75 55073
2150 75 6645 92 66852
2151 74 6448 83 61450
2152 65 5940 92 72096
2153 69 6232 103 79325
2154 67 6064 100 80441
2155 72 6504 96 80003
2156 74 6861 103 84289
2157 68 6112 92 82981
2158 66 6080 104 85174
2159 68 6112 94 83400
2160 70 6296 102 87175
2161 66 6032 93 85225
2162 65 5896 100 83509
2163 65 6000 95 77658
2164 70 6401 102 77509
2165 69 6244 94 73535
2166 69 6189 99 75742
2167 69 6200 89 71777
2168 66 6040 92 66754
2169 67 6036 88 70341
2170 69 6293 104 78683
2171 68 6092 91 64560
2172 70 6224 81 61003
2173 66 6112 79 58646
2174 66 5988 91 64697
2175 72 6414 81 60341
2176 72 7183 93 59309
2177 78 8268 78 52765
2178 65 5988 85 52510
2179 65 5940 69 48523
2180 70 6264 82 54221
2181 66 5968 68 43155
2182 71 6316 87 60357
2183 64 5864 82 61785
2184 68 6080 77 47620
2185 68 6148 67 39805
2186 67 6125 88 58724
2187 67 6036 72 48807
2188 70 6284 80 51458
2189 68 6140 78 51192
2190 68 6209 73 50048
2191 67 6020 98 68244
2192 70 6256 104 74148
2193 67 6076 82 66975
2194 67 6044 91 76997
2195 68 6192 109 88604
2196 69 6168 117 100875
2197 65 6000 89 79212
2198 67 6116 87 70810
2199 68 6084 83 57507
2200 69 6220 79 45207
2201 63 5720 73 42395
2202 70 6212 81 45497
2203 70 6324 88 52478
2204 68 6269 69 43122
2205 72 6468 92 57274
2206 65 5853 79 52411
2207 68 6140 69 50825
2208 69 6212 93 67427
2209 65 5932 87 64644
2210 72 6573 84 66993
2211 65 5836 87 65087
2212 69 6224 93 70105
2213 68 6184 95 76327
2214 67 6064 102 84052
2215 69 6238 93 82407
2216 72 6705 120 101550
2217 68 6084 85 74580
2218 69 6232 103 85630
2219 71 6420 108 94007
2220 71 6328 98 86015
2221 65 5936 102 84244
2222 67 6112 91 77682
2223 71 6316 103 77905
2224 66 6024 94 72886
2225 69 6196 98 74338
2226 68 6161 90 71473
2227 69 6212 96 73855
2228 69 6224 89 70528
2229 68 6104 97 72501
2230 67 6161 74 56296
2231 69 6100 90 67591
2232 68 6140 101 74537
2233 66 6032 84 59145
2234 67 6092 77 59422
2235 68 6164 90 59517
2236 67 6044 76 54850
2237 69 6140 85 54681
2238 69 6228 76 49237
2239 64 5852 80 50356
2240 69 6180 81 49564
2241 66 6012 80 55964
2242 68 6132 83 58948
2243 70 6308 91 61682
2244 72 6557 85 61194
2245 64 5948 80 54560
2246 67 5997 82 51474
2247 65 5948 77 48557
2248 66 5996 74 47424
2249 69 6188 82 58816
2250 69 6365 90 62377
2251 67 6036 86 57510
2252 69 6124 99 71817
2253 72 6444 89 73800
2254 69 6192 102 83048
2255 68 6170 102 90305
2256 75 6611 114 94641
2257 67 6084 93 78047
2258 68 6124 78 59118
2259 67 6028 84 50345
2260 69 6256 73 42836
2261 67 6012 83 45287
2262 68 6092 76 44051
2263 70 6296 80 48754
2264 67 6036 73 48643
2265 72 6420 89 54735
2266 68 6125 78 54653
2267 66 5984 81 54636
2268 70 6284 78 61225
2269 67 6068 87 66885
2270 73 6561 87 68731
2271 70 6272 103 75744
2272 64 5808 93 76766
2273 69 6252 127 101605
2274 68 6156 74 57731
2275 68 6108 130 97827
2276 73 6985 170 116681
2277 74 7899 108 93565
2278 100 15537 137 121865
2279 68 6144 105 96295
2280 69 6204 99 93853
2281 65 5992 106 93556
2282 68 6136 93 80161
2283 66 6016 103 79806
2284 68 6281 95 76150
2285 75 6588 102 77278
2286 68 6265 94 73960
2287 68 6132 101 76408
2288 68 6172 94 72153
2289 66 5968 77 57783
2290 72 6453 103 78188
2291 70 6300 95 69751
2292 67 6044 80 64085
2293 69 6220 88 64372
2294 67 6004 70 53409
2295 70 6230 95 64639
2296 69 6244 78 54753
2297 66 5948 85 53777
2298 68 6276 77 50211
2299 67 6036 71 45661
2300 66 5956 89 58774
2301 70 6268 79 60874
2302 66 5988 85 62425
2303 68 6168 82 60437
2304 67 6108 93 64655
2305 69 6148 78 57119
2306 69 6213 79 48754
2307 69 6638 86 56570
2308 70 6308 89 57618
2309 62 5688 73 54512
2310 73 6493 87 61420
2311 68 6204 108 78520
2312 68 6076 92 76716
2313 63 5832 85 75537
2314 67 6072 116 100281
2315 69 6224 111 96446
2316 65 5960 96 85960
2317 69 6188 95 69944
2318 69 6164 81 53885
2319 65 5996 73 47217
2320 71 6316 81 47391
2321 68 6156 74 46895
2322 67 5996 89 51257
2323 77 7086 85 52706
2324 68 6245 88 56142
2325 67 6060 78 55840
2326 70 6365 88 62511
2327 66 5932 78 62141
2328 69 6316 89 68925
2329 67 6048 93 79907
2330 68 6185 105 87946
2331 69 6232 99 81893
2332 68 6080 102 87281
2333 66 6032 94 82796
2334 68 6168 100 85349
2335 70 6258 101 85524
2336 73 6853 98 82603
2337 66 5984 93 81443
2338 72 6456 103 85113
2339 65 5928 94 84155
2340 63 5864 100 81942
2341 71 6328 96 76295
2342 67 6100 98 76262
2343 71 6388 95 68711
2344 62 5644 85 67447
2345 67 6052 108 81741
2346 70 6313 90 72202
2347 66 5948 97 73301
2348 70 6312 81 63243
2349 67 6052 97 70591
2350 68 6189 90 67197
2351 68 6116 96 67851
2352 70 6244 79 63016
2353 69 6228 87 62839
2354 66 5980 77 56792
2355 67 6068 79 54445
2356 65 5956 87 55413
2357 67 6044 83 51962
2358 69 6268 76 48638
2359 70 6224 81 51010
2360 67 5996 78 56591
2361 68 6212 90 61868
2362 69 6188 79 57204
2363 71 6340 89 59296
2364 65 6053 80 56645
2365 66 5984 78 46984
2366 74 6625 84 52158
2367 65 5912 68 45622
2368 71 6372 78 55737
2369 64 5812 94 64178
2370 67 6085 87 65226
2371 69 6220 101 71815
2372 69 6200 87 74481
2373 68 6188 100 83647
2374 67 6056 104 90626
2375 65 5922 100 84454
2376 67 6136 104 84421
2377 65 5916 85 59203
2378 69 6268 75 46848
2379 71 6316 81 45686
2380 65 5936 73 41981
2381 68 6164 81 47608
2382 66 5892 73 46676
2383 69 6260 86 53035
2384 64 5820 79 54649
2385 70 6252 86 61402
2386 69 6301 72 54556
2387 68 6116 87 66958
2388 70 6308 90 68441
2389 69 6168 99 74889
2390 67 6121 92 80552
2391 69 6260 101 85134
2392 70 6176 104 85043
2393 69 6216 94 82902
2394 69 6208 84 74309
2395 64 5840 102 86527
2396 73 6981 95 82355
2397 66 5888 101 84793
2398 67 6152 96 85005
2399 69 6272 111 93234
2400 66 5972 91 77641
2401 71 6400 102 77389
2402 67 6028 93 69625
2403 67 6096 84 65857
2404 73 6665 106 75033
2405 71 6352 92 71604
2406 69 6241 100 73362
2407 67 6000 80 63761
2408 69 6228 96 71353
2409 78 6784 96 68404
2410 76 6701 99 68704
2411 69 6264 87 64039
2412 69 6172 80 61395
2413 73 6480 89 61578
2414 70 6172 75 56005
2415 68 6138 84 56088
2416 69 6208 83 52872
2417 69 6128 67 48526
2418 75 6628 82 50519
2419 78 6788 79 55170
2420 70 6304 93 62628
2421 68 6164 78 57263
2422 69 6196 88 59025
2423 67 6116 87 60233
2424 66 5916 76 50820
2425 68 6100 80 50136
2426 69 6281 71 45613
2427 68 6084 87 56242
2428 65 5980 83 58712
2429 69 6160 86 62401
2430 69 6269 95 69928
2431 68 6160 101 76905
2432 69 6152 92 77721
2433 68 6204 110 90371
2434 70 6304 102 91560
2435 66 5936 91 81922
2436 68 6180 92 67252
2437 63 5756 79 51603
2438 67 6148 83 45494
2439 68 6076 72 42773
2440 68 6100 80 48436
2441 70 6336 76 47651
2442 68 6092 85 52270
2443 67 6060 76 52953
2444 70 6430 89 59604
2445 67 6072 82 56989
2446 70 6293 80 62676
2447 64 5876 93 69988
2448 69 6272 88 70358
2449 66 6008 102 76394
2450 71 6317 93 77157
2451 70 6388 102 82048
2452 66 5992 94 82082
2453 70 6312 93 82430
2454 67 6016 101 85877
2455 69 6242 96 82421
2456 74 6764 103 84640
2457 80 10205 99 90862
2458 73 6390 106 85886
2459 69 6208 96 79803
2460 66 5960 100 79152
2461 68 6164 92 74264
2462 68 6148 100 74959
2463 66 5984 83 65231
2464 67 6144 99 74123
2465 66 5920 83 64991
2466 70 6317 96 73152
2467 67 6132 86 69683
2468 69 6156 101 77417
2469 67 6092 83 61005
2470 63 5818 108 62432
2471 70 6356 102 71596
2472 63 5756 86 60997
2473 65 5924 77 55950
2474 68 6116 80 53959
2475 68 6108 82 52284
2476 69 6248 77 48991
2477 75 6532 85 50112
2478 67 6084 75 48857
2479 70 6284 88 60519
2480 66 5970 77 57853
2481 69 6228 92 61313
2482 68 6084 79 55553
2483 67 6072 81 50864
2484 68 6517 82 52615
2485 71 6312 81 51416
2486 74 6601 70 42915
2487 66 5988 91 64125
2488 69 6196 82 55391
2489 68 6172 95 69141
2490 71 6309 90 69436
2491 67 6076 98 78886
2492 68 6064 98 84202
2493 66 5976 94 83048
2494 66 6112 123 106571
2495 68 6114 89 66942
2496 70 6292 82 58678
2497 69 6176 82 47379
2498 67 6036 72 42461
2499 68 6192 84 45010
2500 67 6044 69 40666
2501 66 6032 70 43701
2502 68 6132 85 52878
2503 67 6040 64 43514
2504 68 6196 96 64691
2505 63 5728 74 54907
2506 75 6625 85 66693
2507 66 6076 99 76752
2508 69 6172 90 71417
2509 67 6080 102 77938
2510 68 6185 88 73164
2511 70 6352 108 90471
2512 69 6160 85 73988
2513 67 6112 109 93003
2514 70 6304 93 83888
2515 65 5904 101 84598
2516 71 6644 98 84389
2517 68 6265 102 89259
2518 70 6256 94 81910
2519 69 6276 101 79995
2520 68 6096 86 68049
2521 69 6256 86 66612
2522 70 6216 91 67744
2523 67 6040 90 71718
2524 67 7278 89 61970
2525 66 6016 102 79427
2526 69 6261 92 70289
2527 67 6036 96 71169
2528 69 6224 88 66834
2529 67 6088 93 68121
2530 67 6109 86 64523
2531 70 6336 90 64305
2532 66 5936 75 53384
2533 69 6148 91 64057
2534 69 6276 77 52790
2535 65 5894 65 41426
2536 70 6288 93 60267
2537 66 5936 78 50624
2538 67 6036 85 59943
2539 70 6352 79 58613
2540 66 5920 91 59476
2541 72 6436 81 57485
2542 66 5936 84 58002
2543 69 6196 73 48622
2544 64 5880 67 40358
2545 68 6104 79 56033
2546 70 6301 89 58056
2547 66 5948 85 60271
2548 68 6092 96 66777
2549 72 6428 91 70416
2550 69 6225 91 70272
2551 69 6280 99 86757
2552 67 6032 111 92105
2553 77 6947 110 92598
2554 66 6064 93 78388
2555 66 5896 87 61938
2556 69 6276 74 47920
2557 66 6048 82 46082
2558 68 6072 71 40936
2559 70 6264 85 50915
2560 66 6008 72 46562
2561 67 6128 75 46214
2562 71 6344 83 56580
2563 66 5964 76 56328
2564 69 6414 75 55474
2565 64 5828 83 66980
2566 70 6297 82 62460
2567 68 6144 108 81676
2568 67 6056 94 75602
2569 70 6352 100 79912
2570 65 5985 95 82361
2571 66 6024 103 86232
2572 72 6424 94 83543
2573 66 6008 103 85173
2574 66 6000 94 80994
2575 70 6250 101 83837
2576 72 6716 94 83383
2577 69 6325 104 85431
2578 67 6080 92 77985
2579 67 6096 101 77692
2580 68 6164 86 66753
2581 66 6032 104 75637
2582 69 6172 82 64881
2583 68 6064 86 65133
2584 82 8304 112 81555
2585 67 6056 87 69674
2586 69 6261 99 71638
2587 68 6144 89 68135
2588 69 6136 94 69387
2589 70 6344 86 64842
2590 70 6297 88 64266
2591 66 6072 68 48361
2592 67 6020 98 69276
2593 69 6176 78 53844
2594 68 6144 82 52514
2595 70 6264 71 49420
2596 69 6184 72 44593
2597 64 5844 84 54610
2598 66 5964 80 58839
2599 66 6040 82 55195
2600 66 5912 76 53204
2601 68 6212 86 57887
2602 65 5908 75 49582
2603 66 5940 81 49988
2604 71 6493 74 49459
2605 63 5752 82 56084
2606 69 6269 77 57367
2607 66 5988 93 65316
2608 69 6152 88 67564
2609 66 6024 101 78595
2610 71 6385 90 77547
2611 65 6000 108 88336
2612 69 6152 104 92122
2613 68 6184 96 85051
2614 70 6408 94 69170
2615 68 6106 75 50903
2616 71 6380 85 47320
2617 66 5940 74 42467
2618 66 5980 76 44419
2619 70 6352 70 46986
2620 64 5820 86 51106
2621 70 6300 78 52668
2622 65 5876 85 58290
2623 78 7062 88 60793
2624 71 6380 87 65636
2625 68 6092 84 66278
2626 68 6181 99 73732
2627 67 5992 93 73482
2628 69 6216 103 79643
2629 66 6088 94 79990
2630 63 5752 97 78774
2631 64 5832 100 89892
2632 65 5988 101 84795
2633 63 5752 94 82699
2634 67 6112 102 84589
2635 69 6216 103 84884
2636 72 6708 95 84891
2637 92 13827 112 89695
2638 78 8907 97 76666
2639 67 6120 92 74195
2640 66 5960 91 68768
2641 68 6148 83 65756
2642 67 6056 101 74481
2643 69 6120 89 71413
2644 69 6369 101 73590
2645 69 6188 95 72195
2646 69 6301 88 68750
2647 67 6028 97 69706
2648 64 5828 85 64890
2649 71 6380 90 66132
2650 66 6029 78 60882
2651 68 6156 85 60936
2652 67 6036 81 55099
2653 65 5972 85 54299
2654 69 6220 75 49083
2655 72 6398 83 51085
2656 69 6220 73 48766
2657 66 5960 75 52710
2658 68 6108 89 60833
2659 66 6004 83 59090
2660 67 6044 87 58431
2661 67 6088 75 50198
2662 69 6204 81 50737
2663 66 5952 69 43819
2664 71 6376 88 57743
2665 68 6104 78 55519
2666 69 6277 91 63132
2667 68 6148 89 65089
2668 66 5948 97 73321
2669 69 6268 89 75627
2670 70 6297 102 84653
2671 65 5904 104 91009
2672 69 6320 106 91224
2673 69 6140 94 74106
2674 70 6284 87 59718
2675 68 6092 73 46652
2676 66 5988 83 44139
2677 68 6164 73 42653
2678 66 5932 73 46390
2679 69 6304 78 46098
2680 68 6072 73 47029
2681 66 5940 84 56084
2682 68 6164 81 56664
2683 69 6164 88 62949
2684 70 6541 82 64115
2685 68 6100 93 69876
2686 66 5973 90 71205
2687 68 6232 105 78522
2688 70 6236 91 78833
2689 66 6024 101 83408
2690 65 6001 92 81896
2691 70 6312 103 86010
2692 70 6248 96 83834
2693 70 6232 100 85720
2694 71 6352 93 88197
2695 66 5998 89 85399
2696 72 6572 143 96768
2697 70 6675 144 98192
2698 68 6160 93 80159
2699 68 6184 101 79751
2700 67 6064 88 69256
2701 70 6316 106 84204
2702 70 6308 92 72161
2703 66 5992 99 75259
2704 69 6268 92 71051
2705 68 6104 97 73015
2706 85 8463 102 75645
2707 68 6220 95 69597
2708 68 6092 86 65537
2709 69 6276 87 65820
2710 66 6029 80 60345
2711 68 6068 87 59827
2712 66 6052 80 54269
2713 68 6100 85 53608
2714 68 6164 75 51056
2715 68 6052 84 51417
2716 68 6124 78 55549
2717 66 6012 86 62480
2718 70 6260 89 61907
2719 69 6268 83 60003
2720 66 5960 73 48516
2721 68 6100 81 52320
2722 67 6108 74 48399
2723 69 6148 84 53137
2724 71 6505 81 55041
2725 67 6092 88 61883
2726 72 6381 89 64099
2727 63 5788 97 71281
2728 68 6148 94 75952
2729 69 6244 103 85921
2730 68 6225 101 89689
2731 67 6032 112 94445
2732 68 6184 94 82258
2733 68 6060 93 67162
2734 68 6164 76 51112
2735 70 6238 84 48316
2736 65 5884 71 43762
2737 71 6428 82 47720
2738 67 6064 71 43906
2739 66 6000 80 48016
2740 67 6056 73 48338
2741 67 6092 85 58628
2742 120 18825 134 149833
2743 69 6196 90 65401
2744 71 6332 83 66038
2745 70 6284 98 73305
2746 68 6145 92 72719
2747 66 6080 102 80148
2748 68 6160 95 81381
2749 67 6120 102 86090
2750 67 6036 92 84210
2751 66 5960 100 86246
2752 71 6372 98 82812
2753 66 5936 101 84977
2754 71 6384 95 84284
2755 66 6000 93 83362
2756 67 6192 101 81843
2757 76 6965 104 80143
2758 67 6040 93 74272
2759 63 5852 95 73377
2760 69 6164 97 74458
2761 66 5992 93 72077
2762 68 6180 100 74288
2763 69 6124 87 71190
2764 69 6401 101 73958
2765 68 6188 88 69582
2766 68 6117 98 71166
2767 67 6108 84 65963
2768 63 5716 90 66647
2769 72 6444 87 62469
2770 72 6393 86 62594
2771 68 6100 80 53534
2772 74 7013 79 51578
2773 79 12363 90 59604
2774 67 6148 78 50327
2775 70 6238 86 53952
2776 65 5856 73 53673
2777 70 6372 78 57962
2778 65 5864 83 55600
2779 72 6428 74 51766
2780 68 6120 79 56500
2781 66 5960 71 48547
2782 69 6208 76 51741
2783 67 6016 70 51776
2784 88 10025 98 73499
2785 64 5896 82 61321
2786 68 6133 90 67244
2787 67 6112 85 72187
2788 67 6044 97 80267
2789 66 5972 101 84486
2790 66 6137 109 84355
2791 65 5932 115 99952
2792 65 5892 84 68645
2793 66 6028 88 72545
2794 71 6332 89 65491
2795 67 6000 77 51011
2796 68 6108 97 57272
2797 66 6012 68 46436
2798 69 6156 90 57248
2799 65 5928 84 63388
2800 68 6136 98 74594
2801 69 6216 99 76928
2802 67 6088 105 87648
2803 66 5996 96 88067
2804 69 6409 109 86437
2805 66 5984 119 95989
2806 67 6133 85 72663
2807 69 6236 92 69836
2808 65 5936 108 94277
2809 69 6288 100 94424
2810 69 6241 116 105722
2811 68 6096 90 84378
2812 68 6192 112 99765
2813 67 6056 86 79641
2814 67 6128 114 102010
2815 71 6314 92 80980
2816 69 6368 109 98917
2817 75 7726 84 68046
2818 77 8843 111 90552
2819 67 6176 87 70368
2820 66 5960 117 97471
2821 71 6328 88 71686
2822 69 6256 115 88881
2823 65 5928 89 73743
2824 71 6352 107 84093
2825 67 6052 99 79730
2826 70 6297 100 86515
2827 67 6120 90 71534
2828 66 5964 88 66698
2829 68 6116 79 59347
2830 68 6165 86 58938
2831 67 6060 80 53703
2832 70 6332 88 53050
2833 67 6052 72 49067
2834 67 6024 80 47699
2835 68 6092 85 59945
2836 65 5920 76 53823
2837 67 6068 90 60318
2838 69 6184 76 53167
2839 69 6220 73 48339
2840 64 5832 77 48548
2841 67 6036 65 43920
2842 69 6228 91 57933
2843 68 6172 84 57162
2844 70 6276 86 60797
2845 66 6098 92 65012
2846 68 6117 96 71527
2847 69 6260 92 76189
2848 68 6128 94 77595
2849 67 6080 103 89844
2850 69 6241 118 103060
2851 65 5904 94 78124
2852 69 6300 86 61448
2853 72 6498 77 48094
2854 73 6487 82 42307
2855 66 5934 71 39369
2856 64 5816 83 47364
2857 70 6344 68 43310
2858 67 6020 92 57727
2859 67 6164 78 52576
2860 69 6228 86 59030
2861 70 6204 81 59876
2862 66 6028 87 66675
2863 67 6076 82 67626
2864 71 6388 101 73953
2865 70 6256 102 77438
2866 66 5945 94 79076
2867 69 6288 100 84491
2868 66 6008 94 84300
2869 68 6184 104 87550
2870 70 6369 93 85117
2871 68 6088 101 86068
2872 65 6024 93 82893
2873 68 6160 99 87199
2874 69 6240 93 84790
2875 66 5976 99 75142
2876 69 6272 101 78771
2877 73 6797 95 74927
2878 66 5956 83 66398
2879 71 6348 111 82343
2880 69 6240 99 74215
2881 66 5956 87 70623
2882 69 6260 96 72844
2883 67 6032 92 70418
2884 69 6196 98 71450
2885 70 6470 89 67395
2886 61 5637 75 58693
2887 71 6412 99 71416
2888 67 6084 87 61591
2889 70 6236 78 56853
2890 67 6109 86 56346
2891 70 6288 77 51515
2892 71 6348 64 41698
2893 65 5956 90 57579
2894 68 6048 83 53878
2895 70 6378 68 49099
2896 67 6044 95 67001
2897 63 5800 75 57538
2898 70 6204 91 62764
2899 67 6044 74 52538
2900 65 5956 67 43756
2901 68 6188 86 53338
2902 71 6364 92 61461
2903 68 6068 74 55170
2904 68 6068 85 63126
2905 67 6068 97 69407
2906 66 6005 96 75134
2907 67 6108 96 79526
2908 66 6040 115 98119
2909 70 6236 104 92684
2910 67 6177 104 87683
2911 70 6244 85 66619
2912 68 6140 86 54331
2913 66 5956 69 40552
2914 68 6060 82 45734
2915 69 6244 68 40676
2916 65 5892 76 48398
2917 73 6508 73 48796
2918 63 5772 86 55604
2919 68 6092 79 54707
2920 70 6284 86 60765
2921 67 6012 87 65497
2922 68 6244 84 67121
2923 76 6906 99 80643
2924 66 6000 103 86012
2925 70 6469 96 80704
2926 67 6029 100 86196
2927 74 6616 95 85948
2928 68 6112 89 83660
2929 66 5968 98 86492
2930 68 6265 87 84569
2931 70 6240 96 87085
2932 66 6024 85 76629
2933 67 6064 85 79374
2934 68 6136 98 90465
2935 69 6242 103 80226
2936 65 6048 93 74245
2937 75 6881 103 76521
2938 67 6104 96 73382
2939 67 6052 97 74934
2940 67 6132 91 70874
2941 70 6204 96 72140
2942 67 6124 88 69455
2943 67 6076 90 69728
2944 68 6100 96 70142
2945 67 6100 95 68394
2946 70 6269 82 62823
2947 89 13250 101 68629
2948 68 6156 74 52061
2949 63 5748 93 62276
2950 66 6069 77 52204
2951 65 5932 82 51511
2952 65 5924 67 43644
2953 65 5852 89 55999
2954 67 6020 77 57790
2955 66 6004 90 61602
2956 67 5996 70 51516
2957 72 6484 88 63212
2958 66 5964 90 57721
2959 68 6076 73 48674
2960 69 6264 84 51971
2961 69 6172 68 46440
2962 86 14604 109 74209
2963 71 6297 86 64759
2964 65 6286 95 68208
2965 76 6957 104 74378
2966 68 6101 92 77156
2967 70 6328 104 85531
2968 65 5896 102 91374
2969 68 6168 105 91599
2970 69 6297 93 73702
2971 69 6204 84 59333
2972 68 6196 76 45509
2973 66 5932 74 43035
2974 67 6044 79 44592
2975 92 10963 86 50959
2976 67 6044 83 49114
2977 68 6212 80 50376
2978 66 5964 84 57061
2979 72 6412 85 59217
2980 66 6004 78 60111
2981 69 6204 89 66482
2982 67 6116 89 71286
2983 67 6072 96 80039
2984 67 6064 99 84571
2985 71 6352 101 84971
2986 69 6201 94 81868
2987 68 6240 104 86032
2988 67 6016 92 83362
2989 69 6176 100 85627
2990 68 6249 93 82333
2991 71 6284 103 85669
2992 71 6416 95 85805
2993 66 6016 107 85902
2994 69 6168 95 79464
2995 67 6096 102 78428
2996 68 6272 93 74417
2997 87 8849 113 83661
2998 76 10972 97 72854
2999 69 6164 99 74378
3000 68 6208 89 70640
3001 67 6044 98 72519
3002 70 6324 88 68719
3003 66 5988 96 70305
3004 66 5948 94 68725
3005 70 6442 89 65739
3006 70 6301 86 63875
3007 69 6228 81 58116
3008 106 22126 119 74794
3009 68 6092 79 52898
3010 67 6125 85 53487
3011 68 6092 72 47524
3012 69 6268 83 49945
3013 73 7231 79 55152
3014 66 6069 89 61442
3015 71 6367 79 57367
3016 66 5972 85 58603
3017 67 6052 82 58988
3018 71 6324 72 53151
3019 66 5944 57 45896
3020 67 6096 71 51063
3021 69 6144 66 51916
3022 64 5932 79 59882
3023 67 6004 80 62284
3024 65 5864 85 68933
3025 70 6272 85 75082
3026 68 6149 93 80468
3027 69 6240 98 87973
3028 69 6176 106 93072
3029 67 6104 88 79771
3030 67 6165 79 62423
3031 67 5968 63 47853
3032 68 6152 69 43271
3033 69 6160 55 38685
3034 66 5968 65 43304
3035 71 6337 61 43840
3036 68 6080 70 49182
3037 66 6032 68 51470
3038 66 5968 76 56752
3039 69 6128 69 57634
3040 68 6152 76 61789
3041 69 6176 71 63981
3042 69 6288 94 72287
3043 66 5960 91 74634
3044 68 6120 96 79118
3045 68 6346 91 80213
3046 68 6120 99 83254
3047 67 6136 87 81418
3048 67 6076 95 83928
3049 67 6104 89 81271
3050 72 6481 97 84173
3051 67 6104 90 81485
3052 68 6192 95 86573
3053 68 6152 90 78822
3054 66 6056 95 77904
3055 74 6551 99 76496
3056 69 6260 80 70067
3057 72 6657 87 72534
3058 65 5912 83 70301
3059 69 6140 86 71774
3060 69 6252 80 69573
3061 68 6080 86 71049
3062 68 6192 77 66855
3063 69 6184 86 67603
3064 64 5800 75 63647
3065 72 6416 79 63665
3066 68 6105 68 58085
3067 69 6208 76 57026
3068 65 5904 69 53205
3069 66 5968 79 56858
3070 71 6441 64 47973
3071 67 6024 75 51393
3072 68 6056 62 49496
3073 69 6274 109 71140
3074 69 6112 71 63732
3075 70 6289 82 61442
3076 68 6072 65 53459
3077 90 9587 103 69178
3078 66 5980 50 38161
3079 65 5944 100 57600
3080 68 6096 67 50698
3081 64 5856 77 57549
3082 67 6028 79 61581
3083 70 6304 78 64257
3084 69 6212 86 72748
3085 70 6497 87 76153
3086 68 6153 100 86994
3087 64 5888 98 91316
3088 70 6304 101 88506
3089 66 5988 88 71732
3090 69 6217 70 52473
3091 71 6280 69 48321
3092 66 5960 53 36300
3093 67 6128 72 47319
3094 66 5912 55 38553
3095 72 6427 71 48861
3096 68 6120 75 55070
3097 67 6024 69 49769
3098 71 6288 67 54338
3099 70 6240 78 61619
3100 68 6144 69 62814
3101 66 5972 83 68514
3102 68 6100 85 69927
3103 71 6452 118 86802
3104 68 6215 108 73746
3105 69 6276 104 91471
3106 69 6249 81 74189
3107 70 6216 102 92815
3108 71 6416 86 74590
3109 67 6028 97 85592
3110 72 6501 92 82722
3111 62 5676 97 86993
3112 66 6004 86 80629
3113 70 6352 96 80083
3114 67 6056 89 75572
3115 69 6232 96 75389
3116 70 6384 88 77645
3117 73 6677 95 74276
3118 69 6224 80 70004
3119 65 5912 87 71226
3120 68 6196 83 68718
3121 68 6080 84 69134
3122 70 6200 73 59292
3123 68 6100 80 64867
3124 66 6008 71 65029
3125 71 6482 79 55025
3126 67 6049 73 59271
3127 67 6024 76 54744
3128 70 6240 66 48999
3129 68 6080 69 48518
3130 70 6321 60 44692
3131 67 6072 65 46523
3132 69 6128 68 53839
3133 67 6116 77 59011
3134 69 6204 66 54917
3135 72 6346 78 55803
3136 69 6176 71 56230
3137 68 6128 64 49296
3138 67 6108 59 46964
3139 68 6056 69 50551
3140 69 6200 70 53608
3141 67 6000 63 52021
3142 66 5988 90 70955
3143 67 6068 73 62002
3144 64 5884 89 75720
3145 66 5972 96 88015
3146 69 6201 99 83815
3147 68 6112 94 88821
3148 67 6132 99 83700
3149 68 6008 76 56750
3150 69 6321 58 43753
3151 68 6148 66 42069
3152 69 6128 57 40264
3153 73 6683 76 45946
3154 69 6136 58 43645
3155 68 6144 74 50630
3156 70 6252 68 51936
3157 68 6056 66 54730
3158 68 6136 78 58479
3159 68 6092 68 59984
3160 66 5992 65 57276
3161 68 6144 91 75915
3162 79 6872 100 76146
3163 78 6832 92 77363
3164 69 6280 102 83506
3165 70 6721 89 82512
3166 69 6201 93 77023
3167 70 6288 102 92750
3168 69 6288 88 81211
3169 70 6196 80 73966
3170 69 6361 104 96348
3171 78 6792 101 85790
3172 74 6540 92 79112
3173 70 6360 99 79641
3174 69 6176 87 73362
3175 70 6322 82 65633
3176 69 6124 101 81313
3177 82 8357 96 79815
3178 78 8817 85 70058
3179 71 6288 84 70224
3180 67 6116 82 67948
3181 66 5920 84 68439
3182 67 5996 74 63591
3183 68 6144 79 63873
3184 66 6008 69 58678
3185 69 6228 78 58563
3186 69 6161 69 53001
3187 64 5772 51 31672
3188 71 6332 74 48506
3189 67 6044 82 50453
3190 70 6341 74 46071
3191 66 5968 84 54312
3192 68 6160 79 58448
3193 68 6124 87 60017
3194 67 6020 78 56869
3195 70 6280 91 61959
3196 68 6084 74 52224
3197 69 6271 110 54541
3198 66 6012 75 49322
3199 68 6124 86 55181
3200 69 6244 83 58549
3201 70 6248 94 64663
3202 70 6228 89 68612
3203 68 6200 96 73595
3204 66 5988 94 78794
3205 70 6512 110 90220
3206 69 6240 113 93145
3207 63 5912 126 87612
3208 66 6000 89 63238
3209 70 6332 126 57848
3210 70 6556 91 43834
3211 67 6092 82 44415
3212 68 6092 74 43926
3213 70 6284 80 48472
3214 67 6172 103 51339
3215 73 6518 93 54173
3216 69 6140 80 54039
3217 66 5988 86 59077
3218 71 6404 79 60177
3219 66 5996 91 68907
3220 66 6096 95 74701
3221 70 6268 102 82195
3222 66 6048 96 83585
3223 74 6826 120 92656
3224 68 6160 91 82640
3225 68 6216 102 86698
3226 70 6216 108 87260
3227 67 6201 138 90645
3228 68 6183 104 83841
3229 69 6216 100 87826
3230 69 6353 90 84697
3231 67 6064 94 82755
3232 66 5988 88 77204
3233 70 6328 99 77818
3234 68 6176 87 72212
3235 70 6288 91 74228
3236 69 6124 80 69871
3237 72 6709 88 71667
3238 64 5924 82 69112
3239 67 6012 85 70251
3240 69 6236 78 66605
3241 71 6296 82 66751
3242 66 5960 71 61716
3243 68 6200 79 62071
3244 68 6024 69 56452
3245 69 7279 79 56076
3246 68 6064 69 51320
3247 67 6024 68 50039
3248 69 6248 58 45056
3249 68 6064 66 46327
3250 69 6324 92 48203
3251 69 6136 75 57306
3252 66 5960 69 56404
3253 71 6440 78 57546
3254 67 5968 65 56085
3255 75 6566 82 57871
3256 64 5800 71 50391
3257 67 6040 59 47439
3258 71 6340 60 44824
3259 66 5988 82 62113
3260 69 6200 73 59109
3261 67 6004 87 67085
3262 67 6080 85 71390
3263 68 6164 83 74895
3264 70 6277 100 85418
3265 69 6240 99 91061
3266 70 6290 99 87621
3267 68 6120 79 68239
3268 68 6140 77 54740
3269 63 5740 59 42235
3270 70 6333 67 41530
3271 64 5748 65 41307
3272 63 5768 54 38006
3273 67 6056 72 50934
3274 72 6460 63 47539
3275 66 6000 77 53663
3276 69 6120 69 52639
3277 65 5884 75 59205
3278 72 6444 70 59887
3279 66 5968 79 66322
3280 67 6056 77 67028
3281 68 6164 96 74187
3282 66 5952 90 75239
3283 68 6288 97 80112
3284 67 6056 89 80819
3285 73 6690 99 84905
3286 69 6160 88 81184
3287 68 6180 98 83526
3288 67 6080 87 81502
3289 69 6176 96 87326
3290 69 6305 89 81312
3291 68 6120 96 81962
3292 67 6040 87 74860
3293 69 6304 97 76102
3294 69 6152 84 71667
3295 69 6250 91 73495
3296 70 6220 82 69809
3297 72 6673 91 71671
3298 71 6408 78 67265
3299 65 5912 85 69031
3300 69 6128 77 65002
3301 67 6096 83 65664
3302 69 6128 69 60808
3303 68 6152 78 60342
3304 66 5960 68 55210
3305 65 5896 75 55074
3306 70 6296 64 48127
3307 66 5968 68 47968
3308 68 6144 59 44782
3309 68 6064 66 45991
3310 69 6193 65 51166
3311 68 6200 79 59777
3312 68 6072 67 55790
3313 66 6040 74 55779
3314 68 6072 69 55711
3315 67 6024 71 51380
3316 70 6296 59 46452
3317 68 6080 67 50197
3318 69 6200 68 52471
3319 67 6024 79 60270
3320 64 5828 85 64471
3321 72 6492 78 66818
3322 66 5956 84 73309
3323 69 6244 90 78797
3324 65 5944 98 88957
3325 69 6393 105 92975
3326 71 6384 86 77140
3327 67 5992 76 60480
3328 65 5976 62 46065
3329 70 6192 69 42418
3330 70 6281 56 38166
3331 67 6096 67 42516
3332 67 6024 69 46560
3333 69 6152 59 46067
3334 68 6080 76 53095
3335 69 6138 70 53292
3336 66 6000 77 58567
3337 65 5884 63 54851
3338 67 6183 108 74816
3339 70 6204 106 70823
3340 65 5936 95 72370
3341 81 9170 101 77126
3342 66 6012 88 71130
3343 68 6236 95 88888
3344 65 6163 147 91996
3345 69 6465 120 86471
3346 71 6400 98 84703
3347 69 6373 93 82736
3348 68 6176 96 85306
3349 75 6897 92 84591
3350 70 6337 105 84354
3351 66 6155 122 78705
3352 69 6172 99 76781
3353 68 6168 84 71744
3354 68 6092 88 73088
3355 68 6100 80 69970
3356 71 6340 90 72898
3357 102 27439 98 77084
3358 76 8787 95 76761
3359 69 6168 78 65845
3360 68 6128 80 65987
3361 68 6160 73 61874
3362 68 6120 74 61810
3363 67 6008 75 58587
3364 68 6120 71 53455
3365 68 6201 78 53598
3366 66 6016 44 31409
3367 66 5956 78 49077
3368 70 6276 75 46523
3369 69 6140 81 51501
3370 68 6141 80 57821
3371 67 6116 88 60736
3372 69 6196 80 58031
3373 66 6044 88 58534
3374 69 6204 86 54593
3375 69 6174 87 54163
3376 68 6172 67 44495
3377 67 6012 77 51573
3378 69 6240 86 59651
3379 69 6148 88 62389
3380 66 5988 96 69165
3381 66 6080 82 66570
3382 69 6156 104 86436
3383 64 5896 83 69616
3384 68 6112 104 90654
3385 70 6328 104 88336
3386 68 6172 89 68726
3387 69 6148 85 55042
3388 68 6164 89 49749
3389 66 5988 66 36800
3390 69 6293 86 49505
3391 67 6068 77 45182
3392 70 6236 79 49088
3393 68 6220 77 50768
3394 68 6012 70 47890
3395 65 5932 86 58190
3396 69 6220 79 59282
3397 67 5992 76 56818
3398 64 5912 91 68802
3399 69 6184 89 70579
3400 67 6064 100 77048
3401 70 6304 104 79778
3402 65 5928 94 75326
3403 67 6104 103 84284
3404 68 6168 87 74994
3405 65 6025 88 75373
3406 72 6504 102 85650
3407 66 5904 95 83590
3408 69 6296 103 88318
3409 66 6000 91 81542
3410 68 6233 104 81033
3411 69 6240 93 75409
3412 70 6216 97 75298
3413 64 5864 92 72710
3414 66 6020 96 74239
3415 70 6294 91 71141
3416 68 6220 99 73334
3417 74 6817 92 69865
3418 64 5908 98 71466
3419 70 6260 95 69565
3420 66 5980 91 70172
3421 68 6144 68 50763
3422 67 6072 81 57920
3423 70 6308 95 62088
3424 68 6036 68 49246
3425 66 5968 79 53230
3426 68 6152 65 44345
3427 67 6036 90 53892
3428 73 6504 68 41649
3429 64 5796 86 58335
3430 66 5980 77 57989
3431 66 6004 70 52194
3432 67 6048 94 65674
3433 68 6156 94 64157
3434 68 6124 74 49146
3435 68 6064 79 50737
3436 71 6332 78 50874
3437 70 6252 82 52822
3438 65 5948 91 65490
3439 66 5968 89 61074
3440 66 6008 87 65040
3441 71 6372 84 74372
3442 67 6012 101 84869
3443 67 6172 100 74247
3444 66 6060 112 92079
3445 71 6453 88 75180
3446 69 6204 81 58610
3447 69 6144 72 46288
3448 70 6320 67 38227
3449 67 6028 90 49788
3450 68 6157 73 44041
3451 68 6196 81 49038
3452 68 6108 81 50958
3453 68 6148 79 53073
3454 68 6084 80 56969
3455 69 6142 76 57234
3456 70 6446 75 58138
3457 72 6351 88 71861
3458 70 6320 94 72682
3459 67 6092 74 59279
3460 70 6232 106 86367
3461 69 6264 87 78758
3462 65 5928 97 85290
3463 68 6212 82 74118
3464 66 5948 104 93268
3465 65 5928 83 74595
3466 68 6236 108 93705
3467 71 6320 103 89055
3468 66 6032 97 84309
3469 69 6216 99 81600
3470 68 6185 92 76064
3471 72 6500 106 77122
3472 66 5968 89 72334
3473 66 5960 90 72262
3474 64 5868 97 73772
3475 69 6208 91 70739
3476 69 6300 96 72225
3477 73 6745 92 68489
3478 68 6144 92 63768
3479 67 6040 81 59324
3480 69 6148 88 64958
3481 69 6248 74 55155
3482 67 6040 79 54762
3483 70 6276 76 54188
3484 66 5960 83 53830
3485 68 6249 69 48472
3486 67 6092 79 49699
3487 71 6332 76 46415
3488 65 5892 84 54966
3489 69 6172 77 57899
3490 67 6069 83 60981
3491 68 6156 84 57637
3492 65 5908 80 58792
3493 67 6132 84 54826
3494 69 6164 64 43110
3495 66 5902 87 56269
3496 67 6104 73 52287
3497 71 6288 75 53924
3498 68 6168 90 66822
3499 65 5832 88 67150
3500 67 6068 73 57309
3501 68 6180 106 87472
3502 65 5920 106 83016
3503 70 6304 95 83744
3504 68 6088 86 75577
3505 68 6100 98 72307
3506 70 6324 68 45097
3507 70 6359 91 49821
3508 66 5956 66 38129
3509 68 6220 83 45561
3510 71 6389 79 49405
3511 66 6008 75 45516
3512 67 6020 75 51483
3513 66 5988 94 62271
3514 71 6364 87 59954
3515 70 6296 81 60212
3516 67 6116 87 66559
3517 69 6100 83 66592
3518 68 6132 99 73214
3519 66 6024 94 75508
3520 71 6360 102 80940
3521 65 6000 95 75834
3522 66 6000 85 74605
3523 74 6770 108 86698
3524 67 6144 96 83717
3525 70 6449 104 85405
3526 65 5960 93 85467
3527 67 6032 101 87751
3528 67 6088 95 80704
3529 68 6180 93 77892
3530 65 5929 102 77269
3531 69 6288 94 73604
3532 66 5992 96 74287
3533 71 6336 92 71562
3534 65 6004 95 73138
3535 71 6286 88 70151
3536 66 6036 99 72552
3537 83 8260 103 80872
3538 77 8895 99 68601
3539 67 6112 86 67617
3540 66 5920 80 59778
3541 69 6296 82 57113
3542 68 6076 74 57004
3543 67 6044 86 56776
3544 69 6268 89 59257
3545 66 6133 137 63599
3546 68 6164 76 49226
3547 69 6252 83 51202
3548 69 6108 79 58118
3549 69 6252 89 61621
3550 68 6157 78 57688
3551 70 6328 89 62222
3552 68 6076 80 55998
3553 66 5956 75 49379
3554 68 6196 82 52713
3555 66 5956 81 53167
3556 69 6276 86 60639
3557 70 6212 85 62940
3558 65 5908 96 69914
3559 68 6172 93 74334
3560 68 6124 98 82107
3561 69 6320 101 87586
3562 69 6176 110 97270
3563 64 5836 90 76289
3564 69 6288 98 73016
3565 70 6314 79 55885
3566 70 6332 81 47605
3567 68 6076 74 43545
3568 66 5932 83 46155
3569 67 6132 74 45332
3570 68 6165 76 48952
3571 68 6140 84 53009
3572 67 6060 88 56087
3573 68 6108 77 56409
3574 67 6020 91 63824
3575 70 6310 78 63823
3576 68 6172 90 70791
3577 66 5996 93 79497
3578 67 6000 95 76537
3579 68 6240 89 73768
3580 68 6120 101 84923
3581 68 6096 94 83056
3582 68 6160 102 86406
3583 66 6012 91 84173
3584 69 6296 103 87830
3585 67 6016 103 87668
3586 69 6288 92 86003
3587 65 5952 100 85085
3588 68 6068 94 79800
3589 69 6288 105 81783
3590 67 6053 95 74789
3591 67 6040 70 53622
3592 65 5916 118 97679
3593 64 5868 92 74911
3594 69 6232 88 71339
3595 70 6264 95 72544
3596 68 6212 87 69684
3597 73 6769 99 70288
3598 67 5976 73 53431
3599 67 6048 93 66406
3600 68 6112 76 60302
3601 68 6180 78 54516
3602 68 6100 73 54666
3603 67 6044 81 54351
3604 67 6020 71 49482
3605 69 6204 76 49248
3606 71 6450 66 42893
3607 68 6124 76 54629
3608 67 6020 88 62112
3609 67 6052 79 58719
3610 69 6221 89 66663
3611 68 6140 83 59997
3612 67 6044 73 53973
3613 67 6072 79 56539
3614 69 6160 79 60631
3615 69 6170 89 69071
3616 67 6169 104 67619
3617 65 5968 113 79723
3618 70 6272 117 82424
3619 66 6288 170 98973
3620 66 6191 139 98016
3621 74 6807 122 98254
3622 69 6252 96 88301
3623 69 6403 103 80703
3624 67 6112 88 72084
3625 68 6148 93 58651
3626 68 6305 125 68690
3627 67 6063 109 71011
3628 68 6092 86 60754
3629 68 6216 111 86161
3630 65 6049 149 104282
3631 69 6212 85 56945
3632 68 6128 85 55849
3633 69 6371 128 63899
3634 68 6184 102 62717
3635 68 6100 86 65876
3636 70 6331 115 70897
3637 69 6188 100 73722
3638 69 6168 86 67906
3639 67 6200 103 58224
3640 76 6746 133 86215
3641 79 6928 111 65164
3642 74 6624 114 65463
3643 72 6408 118 68965
3644 79 6988 107 63690
3645 77 6769 129 68690
3646 76 7240 158 69565
3647 75 7028 164 76066
3648 75 6952 156 72353
3649 81 7670 144 72687
3650 73 6481 102 55564
3651 88 8905 155 83241
3652 102 34377 167 81800
3653 75 6664 144 84829
3654 71 6424 144 82825
3655 70 6330 149 85487
3656 80 7040 154 87391
3657 80 7425 167 90053
3658 73 6520 165 91580
3659 78 6960 162 91554
3660 77 6904 157 88352
3661 73 6616 163 90649
3662 74 6556 162 86963
3663 76 6784 163 89270
3664 93 9655 177 96181
3665 75 6708 149 84576
3666 76 6848 193 94129
3667 76 6732 166 93369
3668 76 6772 165 112935
3669 78 7004 189 158026
3670 70 6377 141 122061
3671 70 6368 122 95327
3672 116 12562 211 163710
3673 71 6360 105 71572
3674 73 6608 142 108835
3675 73 6552 162 143036
3676 71 6468 139 119428
3677 69 6248 157 122223
3678 77 6800 143 114245
3679 79 7027 178 99980
3680 71 6556 160 110919
3681 76 6860 173 134065
3682 71 6324 152 124495
3683 71 6412 171 135776
3684 72 6564 168 131736
3685 76 6752 147 89997
3686 71 6557 177 137222
3687 73 6564 162 115973
3688 75 6608 141 94055
3689 73 6684 189 148063
3690 77 6797 136 84556
3691 74 6716 161 128668
3692 68 6200 172 131055
3693 75 6704 146 111933
3694 74 6632 173 116087
3695 74 6614 169 116307
3696 75 6712 174 133210
3697 73 6568 169 117153
3698 76 6708 153 106569
3699 70 6428 194 149969
3700 73 6519 148 92355
3701 73 6819 208 132434
3702 74 6813 176 110901
3703 73 6576 205 149280
3704 77 6840 151 93555
3705 72 6496 166 120315
3706 74 6608 157 128607
3707 74 6660 131 98189
3708 72 6464 195 159611
3709 77 6872 146 96388
3710 76 6845 152 106622
3711 74 6632 171 127408
3712 76 6792 179 128073
3713 75 6704 162 118166
3714 75 6804 163 127605
3715 79 6996 170 125118
3716 73 6536 151 118104
3717 85 12356 173 120153
3718 84 10442 176 129265
3719 78 6960 153 119729
3720 75 6748 158 121572
3721 77 6808 161 120672
3722 74 6660 143 106987
3723 75 6732 172 129743
3724 76 6820 165 122736
3725 75 6672 164 122570
3726 76 6917 158 118813
3727 74 6716 152 118153
3728 77 6744 161 120134
3729 75 6752 157 118158
3730 76 6801 157 120400
3731 74 6668 159 119420
3732 71 6404 162 122332
3733 70 6396 147 115503
3734 79 7048 159 119593
3735 74 6590 151 120034
3736 72 6500 160 120806
3737 77 6908 159 118191
3738 76 6708 156 111657
3739 76 6816 157 113564
3740 74 6684 159 116692
3741 73 6552 149 111707
3742 80 7088 159 117021
3743 73 6588 158 115186
3744 75 6792 157 114509
3745 75 6604 150 112870
3746 71 6456 159 114646
3747 75 6704 157 111674
3748 71 6428 154 111155
3749 70 6436 164 117882
3750 68 6096 160 119235
3751 68 6240 139 105236
3752 70 6356 170 128936
3753 86 7611 164 118620
3754 77 6888 161 119879
3755 74 6632 162 116644
3756 74 6632 150 113511
3757 77 6904 157 120936
3758 76 6760 160 118235
3759 77 6888 156 115354
3760 77 6796 157 118736
3761 78 6952 160 115032
3762 73 6624 154 112189
3763 73 6544 148 107050
3764 74 6632 157 111290
3765 74 6660 157 113671
3766 73 6697 153 114974
3767 78 6936 160 116001
3768 69 6252 156 117299
3769 77 6864 158 118467
3770 80 7113 157 118934
3771 72 6492 149 114490
3772 76 6864 160 120621
3773 75 6616 158 123063
3774 77 6920 164 124469
3775 75 6670 159 124430
3776 71 6408 165 125388
3777 73 6892 167 122225
3778 77 6965 164 119237
3779 77 6836 154 116272
3780 76 6760 162 119363
3781 78 6892 164 121597
3782 71 6404 155 118494
3783 65 6016 160 116735
3784 75 6732 169 123991
3785 75 6696 164 121221
3786 73 6520 158 115057
3787 75 6768 167 124198
3788 75 6748 165 124786
3789 76 6756 163 121244
3790 77 6881 165 119945
3791 75 6696 164 124035
3792 74 6672 160 116420
3793 71 6380 162 122372
3794 76 6912 161 122139
3795 73 6560 162 120957
3796 76 6708 154 115718
3797 75 6752 152 113401
3798 74 6636 157 112720
3799 81 7160 156 115055
3800 76 6792 160 119523
3801 79 6956 158 122290
3802 72 6528 151 114805
3803 75 6732 138 99500
3804 77 6952 180 137644
3805 76 6724 142 102927
3806 72 6621 152 112074
3807 74 6688 160 114927
3808 74 6676 156 115226
3809 75 6748 162 118229
3810 76 6853 158 118855
3811 72 6492 150 117210
3812 76 6840 169 124537
3813 73 6552 157 119154
3814 68 6220 156 118821
3815 75 6734 158 114946
3816 75 6664 158 117595
3817 74 6704 158 118975
3818 75 6696 150 114426
3819 79 7028 171 122684
3820 76 6736 150 106551
3821 72 6520 148 111152
3822 74 6716 158 113669
3823 84 7517 167 112725
3824 74 6692 153 113754
3825 75 6688 157 112070
3826 74 6620 157 118123
3827 75 6756 150 107770
3828 76 6740 158 116305
3829 73 6576 171 126552
3830 75 6737 143 109770
3831 77 6880 158 123435
3832 72 6544 146 119092
3833 71 6380 162 128375
3834 78 6996 165 123771
3835 77 6836 157 123361
3836 70 6372 160 117215
3837 78 7116 158 120245
3838 79 7201 163 125073
3839 78 6908 177 126819
3840 73 6576 146 109110
3841 71 6432 163 120356
3842 73 6667 190 129046
3843 77 6828 163 125274
3844 75 6744 146 123512
3845 67 6088 154 131265
3846 73 6686 151 116504
3847 72 6563 162 120608
3848 74 6616 120 90978
3849 76 6748 145 104447
3850 77 6889 162 114727
3851 75 6724 168 119413
3852 76 6832 155 113524
3853 76 6784 161 114926
3854 72 6540 160 113923
3855 75 6730 159 109660
3856 74 6620 158 100872
3857 76 6796 137 71618
3858 72 6548 140 74600
3859 76 6748 139 75131
3860 73 6512 131 72553
3861 78 6872 128 71377
3862 77 6844 113 63596
3863 76 6656 108 62211
3864 73 6524 100 58154
3865 78 6828 97 56873
3866 71 6392 113 66742
3867 82 7264 167 77535
3868 73 6544 153 94416
3869 76 6748 153 94778
3870 75 6745 161 102193
3871 74 6604 152 89326
3872 79 7060 161 105345
3873 71 6416 137 107299
3874 78 6960 160 113678
3875 74 6624 165 111577
3876 72 6468 162 109555
3877 71 6464 160 88920
3878 72 6516 151 89944
3879 76 6792 155 96977
3880 76 6760 159 86575
3881 75 6684 156 81317
3882 78 6992 148 76152
3883 76 6760 158 80405
3884 73 6620 162 83663
3885 83 7588 189 96161
3886 76 6772 156 93763
3887 73 6612 149 93636
3888 77 6816 159 97294
3889 78 6940 160 100339
3890 77 6949 160 102452
3891 76 6760 148 100565
3892 76 6788 159 107139
3893 77 6816 159 113858
3894 78 7032 164 122450
3895 78 6902 155 117349
3896 74 6536 150 108143
3897 80 8136 170 118820
3898 89 9936 170 119682
3899 76 6744 161 114190
3900 76 6824 161 112903
3901 79 7036 157 110936
3902 76 6792 159 109466
3903 75 6728 158 108257
3904 76 6772 154 101655
3905 76 6846 162 95506
3906 74 6664 180 123836
3907 81 8793 162 110100
3908 98 13045 158 116320
3909 72 6456 152 105933
3910 70 6357 157 108578
3911 61 5708 158 106943
3912 69 6260 171 115446
3913 76 6804 158 102891
3914 71 6510 168 103243
3915 79 7299 213 117784
3916 77 7014 203 104725
3917 77 7098 209 105434
3918 74 6805 203 106469
3919 78 7035 177 99110
3920 74 6648 158 94487
3921 75 6748 153 87287
3922 75 6748 166 86897
3923 74 6648 173 81522
3924 75 6874 208 94415
3925 80 7458 211 92060
3926 74 6801 207 94112
3927 76 6910 188 85928
3928 72 6548 183 87751
3929 79 6980 157 92264
3930 76 6933 158 109076
3931 76 6716 144 95610
3932 78 7000 161 99272
3933 71 6424 153 91144
3934 78 6912 161 96538
3935 78 6938 155 88461
3936 74 6660 146 85812
3937 75 6748 165 98340
3938 75 6668 157 88827
3939 75 6704 158 87452
3940 74 6668 160 86384
3941 79 6988 155 81034
3942 75 6712 145 78385
3943 67 6088 151 80948
3944 75 6720 163 89547
3945 74 6668 159 91417
3946 76 6760 152 90098
3947 74 6760 162 102048
3948 75 6688 162 119822
3949 75 6664 140 103250
3950 77 6937 156 110600
3951 73 6520 156 113336
3952 75 6812 160 112773
3953 72 6464 155 111316
3954 76 6796 166 113685
3955 76 6800 171 119710
3956 75 6708 163 116940
3957 77 7008 153 113242
3958 80 7261 159 115625
3959 75 6672 153 114437
3960 78 6932 149 106339
3961 75 6688 150 104446
3962 75 6768 156 109260
3963 79 6944 160 107000
3964 73 6588 157 108140
3965 80 8131 157 103061
3966 75 6766 167 104791
3967 74 6708 167 108477
3968 75 6712 158 109716
3969 77 6880 159 107478
3970 81 7253 158 105875
3971 77 6857 182 114680
3972 77 6856 161 103043
3973 75 6700 161 109061
3974 68 6232 153 99849
3975 74 6638 145 92794
3976 74 6620 158 98896
3977 76 6860 153 92960
3978 72 6532 162 95519
3979 79 7016 151 87326
3980 74 6632 159 88035
3981 77 6880 158 84079
3982 75 6778 169 81415
3983 76 6839 188 86927
3984 74 6652 160 85862
3985 76 6820 155 81481
3986 74 6628 154 82652
3987 76 6844 150 82633
3988 77 6860 163 87915
3989 73 6624 193 93474
3990 78 7009 156 86766
3991 75 6696 149 87473
3992 77 6904 157 90049
3993 76 6792 155 86139
3994 77 6924 180 86531
3995 74 6700 160 86885
3996 72 6468 164 89004
3997 76 6991 193 89171
3998 71 6509 171 88123
3999 75 6672 159 85835
4000 81 7152 160 86338
4001 75 6756 160 97104
4002 76 6808 153 109569
4003 72 6432 174 149166
4004 73 6644 165 134716
4005 72 6695 156 109134
4006 66 6239 199 90422
4007 77 6980 204 126383
4008 76 6832 194 122314
4009 74 6648 175 128220
4010 76 6885 178 128720
4011 78 6888 149 109074
4012 73 6624 159 116596
4013 76 6808 174 132848
4014 73 6588 160 114429
4015 77 6870 156 119522
4016 77 6844 163 122411
4017 78 7088 167 119980
4018 83 7493 168 124457
4019 73 6528 170 124757
4020 76 6844 148 110421
4021 75 6684 165 123381
4022 74 6664 145 109804
4023 76 6772 178 133584
4024 74 6636 152 112462
4025 75 6728 162 119082
4026 74 6620 172 131558
4027 78 7056 147 111613
4028 73 6544 148 108994
4029 71 6404 169 131731
4030 75 6781 177 127174
4031 75 6692 152 120225
4032 74 6648 160 117817
4033 76 6768 149 111313
4034 75 6700 161 122690
4035 76 6840 171 127462
4036 68 6144 144 110464
4037 69 6328 158 120987
4038 76 6804 171 127975
4039 77 6844 150 107816
4040 74 6612 152 108052
4041 73 6556 156 112057
4042 76 6876 154 113589
4043 71 6432 157 114583
4044 77 6872 158 119060
4045 77 7085 159 115263
4046 73 6540 152 110691
4047 74 6684 158 116092
4048 68 6220 162 118458
4049 79 6944 159 116938
4050 81 7233 162 117194
4051 75 6712 140 111766
4052 75 6744 160 122818
4053 75 6656 166 131260
4054 79 6976 150 115038
4055 76 6866 151 115934
4056 72 6484 164 119250
4057 78 6976 154 114620
4058 74 6600 145 111610
4059 76 6760 160 117993
4060 79 6988 159 116366
4061 75 6732 173 126199
4062 78 6948 144 106235
4063 75 6700 156 113732
4064 73 6540 159 118727
4065 78 6980 165 126682
4066 74 6604 144 111093
4067 77 6932 154 118711
4068 70 6272 161 123982
4069 67 6092 165 126140
4070 69 6276 143 111927
4071 67 6160 167 133931
4072 71 6492 170 127974
4073 76 6977 156 115604
4074 84 8208 169 120712
4075 78 6928 168 123787
4076 78 6904 170 129034
4077 100 12615 165 126781
4078 99 12673 173 120071
4079 82 7617 167 125854
4080 82 7362 172 125183
4081 78 7112 157 117892
4082 75 6811 143 108110
4083 80 7163 161 122725
4084 74 6775 161 117584
4085 79 7108 164 117264
4086 74 6664 155 120859
4087 77 6987 173 136231
4088 73 6611 155 112116
4089 74 6652 149 110532
4090 79 7012 166 121371
4091 77 6885 163 131112
4092 75 6760 141 108025
4093 75 6683 158 122374
4094 74 6600 158 118793
4095 83 7397 169 129322
4096 76 6732 143 112131
4097 77 6952 165 127889
4098 69 6280 156 118182
4099 78 6872 170 124078
4100 80 7092 161 120200
4101 72 6488 172 123061
4102 66 6258 174 97459
4103 70 6401 219 143914
4104 78 6872 141 107476
4105 83 7341 189 121699
4106 79 6984 162 127517
4107 77 6830 167 118181
4108 72 6564 145 116301
4109 77 6832 179 127459
4110 74 6652 166 127371
4111 71 6453 141 122703
4112 67 6060 135 113208
4113 78 6928 151 120081
4114 74 6596 156 127550
4115 77 6956 141 118104
4116 71 6340 143 113599
4117 70 6384 145 120923
4118 73 6612 170 122411
4119 75 6676 178 139324
4120 71 6468 153 121269
4121 74 6616 154 107565
4122 72 6464 99 75673
4123 79 7262 179 144595
4124 69 6248 157 113192
4125 77 6977 172 134127
4126 73 6516 163 123704
4127 71 6412 134 90968
4128 70 6412 159 132019
4129 74 6560 138 102928
4130 76 6800 183 132809
4131 74 6637 151 119145
4132 67 6128 140 105728
4133 72 6512 149 124248
4134 64 5906 185 128931
4135 76 6786 145 119251
4136 73 6560 153 121698
4137 73 6632 147 111711
4138 86 7549 162 119090
4139 77 6840 155 125343
4140 70 6384 154 120236
4141 77 6752 144 119128
4142 74 6696 153 121010
4143 75 6784 157 126095
4144 70 6288 135 110229
4145 76 6840 152 118445
4146 76 6744 167 134138
4147 71 6400 145 121438
4148 77 6868 155 115968
4149 76 6736 143 108696
4150 79 6984 157 116421
4151 73 6589 147 114907
4152 70 6304 152 117232
4153 74 6664 150 111626
4154 75 6728 154 115722
4155 76 6816 143 109330
4156 77 6772 147 108824
4157 71 6392 149 108997
4158 75 6768 156 117209
4159 74 6600 141 104328
4160 77 6872 158 107729
4161 72 6572 195 146710
4162 91 9136 179 129651
4163 82 7494 179 157538
4164 75 6696 177 123759
4165 65 5984 164 121351
4166 74 6869 169 117779
4167 75 6636 170 118901
4168 75 6748 173 123036
4169 73 6572 165 123223
4170 76 6836 168 119775
4171 76 6821 163 116708
4172 77 6824 176 126985
4173 78 6996 152 114558
4174 75 6724 170 124097
4175 78 6906 165 118282
4176 76 6780 161 119882
4177 75 6712 165 119774
4178 77 6956 167 122486
4179 75 6656 166 120471
4180 71 6496 164 118291
4181 76 6736 170 120957
4182 79 6976 153 117891
4183 74 6684 172 123599
4184 77 6852 167 118623
4185 72 6528 172 125185
4186 72 6500 145 112170
4187 75 6680 154 130737
4188 71 6408 151 118953
4189 71 6408 150 118673
4190 75 6784 161 128373
4191 77 6833 152 121907
4192 72 6472 167 120092
4193 70 6356 147 114347
4194 75 6676 160 124416
4195 75 6760 156 122314
4196 67 6036 106 85483
4197 57 5368 1 108
4198 68 6550 20 3549
4199 57 5244 0 0
4200 76 9537 16 7833
4201 59 5328 5 1002
4202 55 5080 3 256
4203 60 5528 3 348
4204 57 5240 2 148
4205 54 6789 31 10267
4206 36 18854 31 11075
4207 56 11284 42 18940
4208 3 662 2 602
4209 82 81443 33 11653
4210 0 0 0 0
4211 1 121 0 0
4212 17 13675 4 6432
4213 40 45702 18 907
