0 28 32661 25 1511
1 0 0 0 0
2 0 0 0 0
3 0 0 0 0
4 0 0 0 0
5 0 0 0 0
6 1 241 0 0
7 22 4318 31 38106
8 9 837 15 20373
9 20 9009 18 6901
10 288 33850 297 923762
11 179 54996 167 453760
12 65 40578 60 71988
13 24 4602 42 3285
14 9 1159 17 15203
15 15 1782 13 793
16 22 6586 25 1915
17 5 1058 6 493
18 6 1180 7 576
19 4 1087 5 402
20 10 2256 13 1007
21 117 22027 120 426014
22 185 20555 227 1103728
23 27 1700 27 205988
24 5 2922 8 1413
25 0 0 0 0
26 9 3285 13 995
27 208 13659 290 1851267
28 4 286 2 182
29 34 3046 45 308245
30 4 956 6 458
31 14 3834 22 9163
32 19 2216 31 19773
33 3 313 5 1476
34 12 995 14 7911
35 0 0 0 0
36 0 0 0 0
37 0 0 0 0
38 23 27033 20 1040
39 47 5144 70 517324
40 131 8284 268 1830296
41 0 0 0 0
42 3 864 5 402
43 0 0 0 0
44 0 0 0 0
45 0 0 0 0
46 17 2111 13 7036
47 32 3064 24 7688
48 107 15541 85 67226
49 14 1512 10 8027
50 30 4222 30 26807
51 159 9507 159 787846
52 120 7502 171 744163
53 139 8987 262 1911436
54 0 0 0 0
55 49 3804 67 460809
56 0 0 0 0
57 0 0 0 0
58 0 0 0 0
59 0 0 0 0
60 4 910 6 458
61 0 0 0 0
62 26 6540 18 9564
63 16 7443 13 5457
64 7 964 4 4196
65 14 11872 10 830
66 4 286 2 182
67 176 12735 301 1860559
68 2 143 2 143
69 7 1796 6 730
70 46 2420 68 459418
71 5 323 3 144
72 3 180 1 52
73 0 0 0 0
74 7 466 6 351
75 5 1009 6 493
76 0 0 0 0
77 0 0 0 0
78 6 360 2 104
79 10 2162 13 1201
80 110 7347 222 1563407
81 10 646 6 300
82 0 0 0 0
83 0 0 0 0
84 85 7280 129 461901
85 0 0 0 0
86 0 0 0 0
87 0 0 0 0
88 0 0 0 0
89 11 1973 7 4681
90 4 911 6 458
91 0 0 0 0
92 0 0 0 0
93 5 338 4 286
94 1 40 1 40
95 55 4205 104 756312
96 76 3952 152 1069377
97 3 183 2 131
98 0 0 0 0
99 0 0 0 0
100 39 3347 60 460547
101 0 0 0 0
102 0 0 0 0
103 10 646 6 288
104 0 0 0 0
105 0 0 0 0
106 184 13533 319 1918119
107 5 1332 7 575
108 0 0 0 0
109 0 0 0 0
110 1 52 1 52
111 0 0 0 0
112 0 0 0 0
113 1 68 0 0
114 0 0 0 0
115 42 4150 64 462093
116 26 2713 21 7329
117 0 0 0 0
118 174 12090 318 2081563
119 10 646 7 352
120 4 914 6 458
121 0 0 0 0
122 1 60 0 0
123 3 203 1 91
124 0 0 0 0
125 1 60 0 0
126 7 388 3 156
127 5 323 2 143
128 7 466 3 195
129 1 60 0 0
130 0 0 0 0
131 0 0 0 0
132 0 0 0 0
133 27 2781 67 461382
134 2 143 1 91
135 7 1685 10 922
136 4 208 3 156
137 1 60 0 0
138 4 286 2 182
139 2 143 1 91
140 158 10130 282 1751176
141 0 0 0 0
142 2 146 1 118
143 18 1949 11 6957
144 16 1758 11 6490
145 2 120 0 0
146 2 120 0 0
147 0 0 0 0
148 4 317 3 329
149 2 120 0 0
150 13 1399 11 718
151 11 713 6 390
152 4 311 1 60
153 3 168 4 356
154 14 1984 10 2066
155 28 3402 24 2851
156 1 60 0 0
157 0 0 0 0
158 0 0 0 0
159 0 0 0 0
160 0 0 0 0
161 0 0 0 0
162 49 3805 73 456709
163 9 1556 10 719
164 1 60 0 0
165 0 0 0 0
166 0 0 0 0
167 34 4249 29 12690
168 20 2575 20 6174
169 1 60 0 0
170 21 2463 15 2470
171 1 60 1 52
172 89 7230 126 805370
173 96 7559 163 905279
174 4 254 3 202
175 0 0 1 40
176 0 0 1 40
177 6 383 2 104
178 0 0 0 0
179 0 0 0 0
180 18 1705 18 1082
181 5 323 2 104
182 0 0 0 0
183 0 0 0 0
184 0 0 0 0
185 2 112 1 52
186 4 271 2 104
187 0 0 0 0
188 1 76 0 0
189 0 0 0 0
190 1 60 0 0
191 29 3910 22 2901
192 190 14972 310 1926734
193 31 1628 47 361127
194 2 120 0 0
195 7 3630 9 610
196 22 2822 26 38475
197 150 13458 150 409047
198 33 35381 21 1303
199 18 1409 22 23420
200 16 2123 12 2201
201 33 3493 45 131336
202 0 0 0 0
203 0 0 0 0
204 89 13351 115 288913
205 246 27518 249 893451
206 542 79716 604 2370542
207 24 3804 37 75796
208 279 21761 520 1872964
209 95 10329 138 312408
210 184 14160 371 1647085
211 95 11318 225 837157
212 6 1961 8 636
213 5 1291 5 785
214 0 0 0 0
215 4 889 6 463
216 7 1178 8 701
217 18 4244 15 6930
218 0 0 0 0
219 4 957 5 407
220 113 13323 141 613687
221 123 12800 147 657155
222 384 67507 370 1207134
223 156 11012 273 1772210
224 11 9450 14 938
225 4 1620 6 462
226 9 2942 11 761
227 3 195 3 195
228 0 0 0 0
229 43 3573 51 277527
230 0 0 0 0
231 3 835 5 406
232 192 13737 326 1885454
233 3 202 2 150
234 0 0 0 0
235 8 5037 10 730
236 0 0 0 0
237 0 0 0 0
238 38 3266 63 419101
239 21 2501 24 144216
240 101 5656 230 1547306
241 3 839 5 406
242 0 0 0 0
243 0 0 0 0
244 32 1972 31 216168
245 0 0 0 0
246 83 5725 143 937372
247 62 3224 114 824567
248 5 1933 8 626
249 0 0 0 0
250 0 0 0 0
251 3 839 5 406
252 0 0 0 0
253 0 0 0 0
254 229 17165 382 2280688
255 4 849 6 462
256 3 195 3 195
257 0 0 0 0
258 0 0 0 0
259 0 0 0 0
260 0 0 0 0
261 0 0 0 0
262 196 15754 361 2008502
263 0 0 0 0
264 2 143 1 91
265 0 0 0 0
266 0 0 0 0
267 0 0 0 0
268 0 0 0 0
269 39 3319 62 427570
270 0 0 0 0
271 175 12266 281 1768153
272 0 0 0 0
273 0 0 0 0
274 0 0 0 0
275 5 1784 7 574
276 2 143 2 143
277 0 0 0 0
278 0 0 0 0
279 2 143 2 143
280 0 0 0 0
281 197 14788 312 1616222
282 6 336 3 156
283 36 3163 57 385795
284 2 143 1 91
285 6 989 8 605
286 4 285 2 104
287 0 0 0 0
288 0 0 0 0
289 172 12462 356 1924542
290 0 0 0 0
291 3 837 5 406
292 0 0 0 0
293 0 0 0 0
294 0 0 0 0
295 0 0 0 0
296 148 9107 259 1693998
297 0 0 0 0
298 2 1395 0 0
299 20 1040 24 156002
300 0 0 0 0
301 0 0 0 0
302 1 91 0 0
303 1 52 1 91
304 6 2184 8 626
305 0 0 0 0
306 0 0 0 0
307 0 0 0 0
308 4 232 2 104
309 0 0 0 0
310 0 0 0 0
311 0 0 0 0
312 0 0 0 0
313 0 0 0 0
314 1 91 0 0
315 5 901 7 553
316 0 0 0 0
317 0 0 0 0
318 0 0 0 0
319 0 0 0 0
320 7 388 4 208
321 4 232 3 156
322 1 91 0 0
323 1 52 1 91
324 0 0 0 0
325 4 345 4 587
326 4 253 1 52
327 0 0 0 0
328 0 0 0 0
329 1 91 0 0
330 1 52 1 91
331 3 843 5 406
332 2 104 1 52
333 0 0 0 0
334 2 143 1 91
335 0 0 0 0
336 0 0 0 0
337 2 143 1 91
338 8 542 4 208
339 3 273 1 40
340 3 156 3 273
341 0 0 0 0
342 0 0 0 0
343 0 0 0 0
344 0 0 0 0
345 9 2716 13 1036
346 0 0 0 0
347 0 0 0 0
348 0 0 0 0
349 0 0 0 0
350 0 0 0 0
351 0 0 0 0
352 0 0 0 0
353 0 0 0 0
354 0 0 0 0
355 0 0 0 0
356 0 0 0 0
357 0 0 0 0
358 0 0 0 0
359 0 0 0 0
360 0 0 0 0
361 2 143 1 91
362 0 0 0 0
363 0 0 0 0
364 0 0 0 0
365 0 0 0 0
366 0 0 0 0
367 4 271 3 144
368 0 0 0 0
369 1 68 0 0
370 0 0 0 0
371 3 843 5 406
372 0 0 0 0
373 0 0 0 0
374 0 0 0 0
375 4 831 6 462
376 4 271 3 144
377 0 0 0 0
378 0 0 0 0
379 0 0 0 0
380 0 0 0 0
381 0 0 0 0
382 0 0 0 0
383 4 271 3 144
384 0 0 0 0
385 0 0 0 0
386 0 0 0 0
387 4 271 3 144
388 0 0 0 0
389 0 0 0 0
390 5 323 3 156
391 0 0 0 0
392 13 865 9 444
393 20 6510 18 3317
394 16 883 29 78388
395 0 0 0 0
396 0 0 0 0
397 0 0 0 0
398 0 0 0 0
399 0 0 0 0
400 0 0 0 0
401 0 0 0 0
402 0 0 0 0
403 0 0 0 0
404 256 32629 259 1014156
405 421 35565 635 3245100
406 8 2444 11 1316
407 34 4413 32 33994
408 54 4364 39 8554
409 36 8551 35 7634
410 12 774 9 432
411 126 21440 112 84243
412 224 36356 190 518968
413 68 14246 54 91177
414 6 1099 6 496
415 34 24027 36 3570
416 239 15850 294 1803032
417 20 1040 20 117488
418 0 0 0 0
419 0 0 0 0
420 0 0 0 0
421 0 0 0 0
422 83 6308 99 584325
423 0 0 0 0
424 0 0 0 0
425 0 0 0 0
426 0 0 0 0
427 57 4578 106 706184
428 157 12356 254 1263452
429 0 0 0 0
430 0 0 0 0
431 0 0 0 0
432 18 4361 20 2578
433 22 2795 22 3644
434 5 1450 5 397
435 0 0 0 0
436 14 2604 12 36128
437 46 3717 69 507140
438 0 0 0 0
439 222 17131 363 1952114
440 0 0 0 0
441 0 0 0 0
442 0 0 0 0
443 0 0 0 0
444 4 857 6 451
445 0 0 0 0
446 0 0 0 0
447 0 0 0 0
448 0 0 0 0
449 0 0 0 0
450 179 12896 291 1679148
451 0 0 0 0
452 53 4069 84 576133
453 0 0 0 0
454 0 0 0 0
455 0 0 0 0
456 0 0 0 0
457 0 0 0 0
458 0 0 0 0
459 0 0 0 0
460 132 8269 216 1572495
461 3 835 5 397
462 0 0 0 0
463 0 0 0 0
464 0 0 0 0
465 0 0 0 0
466 0 0 0 0
467 0 0 0 0
468 0 0 0 0
469 0 0 0 0
470 0 0 0 0
471 0 0 0 0
472 0 0 0 0
473 0 0 0 0
474 9 2433 12 1103
475 0 0 0 0
476 0 0 0 0
477 0 0 0 0
478 0 0 0 0
479 0 0 0 0
480 0 0 0 0
481 0 0 0 0
482 0 0 0 0
483 0 0 0 0
484 0 0 0 0
485 3 218 2 262
486 0 0 0 0
487 0 0 0 0
488 0 0 0 0
489 0 0 0 0
490 0 0 0 0
491 4 286 4 286
492 0 0 0 0
493 2 143 2 143
494 0 0 0 0
495 0 0 0 0
496 1 76 0 0
497 6 419 4 364
498 0 0 1 52
499 0 0 0 0
500 0 0 0 0
501 4 926 7 532
502 0 0 0 0
503 0 0 0 0
504 4 841 6 451
505 0 0 0 0
506 1 76 0 0
507 0 0 0 0
508 0 0 0 0
509 0 0 0 0
510 0 0 0 0
511 0 0 0 0
512 0 0 0 0
513 0 0 0 0
514 0 0 0 0
515 0 0 0 0
516 1 76 0 0
517 0 0 0 0
518 0 0 0 0
519 0 0 0 0
520 0 0 0 0
521 0 0 0 0
522 0 0 0 0
523 0 0 0 0
524 0 0 0 0
525 0 0 0 0
526 21 1236 18 936
527 7 683 4 651
528 51 5619 37 13352
529 0 0 0 0
530 0 0 0 0
531 0 0 0 0
532 0 0 0 0
533 2 135 0 0
534 6 970 8 586
535 0 0 0 0
536 0 0 0 0
537 0 0 0 0
538 0 0 0 0
539 0 0 0 0
540 0 0 0 0
541 3 841 5 397
542 0 0 0 0
543 0 0 0 0
544 0 0 0 0
545 0 0 0 0
546 0 0 0 0
547 0 0 0 0
548 0 0 0 0
549 0 0 0 0
550 4 286 2 182
551 3 180 2 104
552 2 143 1 91
553 0 0 0 0
554 0 0 0 0
555 0 0 0 0
556 0 0 0 0
557 0 0 0 0
558 0 0 0 0
559 0 0 0 0
560 0 0 0 0
561 37 7557 50 33037
562 0 0 0 0
563 0 0 0 0
564 0 0 0 0
565 0 0 0 0
566 0 0 0 0
567 11 7982 13 876
568 143 14440 151 581370
569 266 33726 312 1090945
570 400 28008 622 3923709
571 43 6016 54 245671
572 3 1277 5 401
573 0 0 0 0
574 12 4715 16 1184
575 7 1703 11 848
576 3 180 2 104
577 134 10201 241 1778280
578 4 921 6 451
579 9 2381 8 687
580 19 19188 21 1292
581 0 0 0 0
582 0 0 0 0
583 0 0 0 0
584 0 0 0 0
585 158 14145 229 1305752
586 0 0 0 0
587 29 2879 30 209143
588 0 0 0 0
589 1 52 1 52
590 135 10821 220 1348263
591 0 0 0 0
592 0 0 0 0
593 0 0 0 0
594 0 0 0 0
595 3 836 5 397
596 0 0 0 0
597 20 2838 24 2365
598 0 0 0 0
599 14 2434 17 1445
600 0 0 0 0
601 3 1017 6 524
602 0 0 0 0
603 3 837 5 397
604 0 0 0 0
605 0 0 0 0
606 0 0 0 0
607 0 0 0 0
608 4 861 6 451
609 0 0 0 0
610 0 0 0 0
611 0 0 0 0
612 0 0 0 0
613 0 0 0 0
614 0 0 0 0
615 0 0 0 0
616 4 1082 6 524
617 0 0 0 0
618 0 0 0 0
619 0 0 0 0
620 0 0 0 0
621 0 0 0 0
622 0 0 0 0
623 0 0 0 0
624 0 0 0 0
625 4 345 4 587
626 0 0 0 0
627 0 0 0 0
628 4 286 3 234
629 2 143 2 143
630 2 143 2 143
631 0 0 0 0
632 55 8515 69 70838
633 28 11106 26 5646
634 7 388 6 964
635 0 0 0 0
636 0 0 0 0
637 0 0 0 0
638 0 0 0 0
639 1 435 1 52
640 18 3459 29 22513
641 0 0 0 0
642 0 0 0 0
643 4 239 1 52
644 2 128 3 187
645 7 3933 21 32274
646 2 150 1 98
647 39 12260 30 11974
648 239 23451 275 1200736
649 242 21150 282 1206732
650 286 54154 465 2241931
651 48 4480 63 246804
652 0 0 0 0
653 12 2480 22 2166
654 9 3709 12 900
655 36 2047 37 153687
656 187 12315 320 1907317
657 22 2030 23 50210
658 40 3520 40 82193
659 19 2864 20 7295
660 24 2541 41 260098
661 0 0 0 0
662 10 2758 6 4397
663 10 1938 9 35534
664 185 12057 332 1954339
665 0 0 0 0
666 0 0 0 0
667 0 0 0 0
668 20 19541 22 1580
669 0 0 0 0
670 0 0 0 0
671 44 3862 56 349831
672 140 8692 242 1565912
673 29 1508 60 377713
674 3 891 5 397
675 0 0 0 0
676 0 0 0 0
677 0 0 0 0
678 0 0 0 0
679 0 0 0 0
680 3 888 5 397
681 0 0 0 0
682 164 12008 270 1701551
683 3 180 1 52
684 0 0 0 0
685 0 0 0 0
686 0 0 0 0
687 43 4195 58 365601
688 2 143 2 143
689 0 0 0 0
690 134 8761 238 1500683
691 2 143 2 143
692 0 0 0 0
693 0 0 0 0
694 38 3389 52 363344
695 113 5876 221 1433546
696 6 3223 9 668
697 0 0 0 0
698 4 285 2 104
699 0 0 0 0
700 0 0 0 0
701 177 11912 314 2295181
702 0 0 0 0
703 0 0 0 0
704 0 0 0 0
705 3 180 1 52
706 4 286 4 286
707 0 0 0 0
708 0 0 0 0
709 155 11709 256 1466336
710 2 143 2 143
711 2 143 2 143
712 2 143 2 143
713 142 10825 280 1516929
714 0 0 0 0
715 0 0 0 0
716 29 2920 26 175369
717 9 2654 7 542
718 2 143 8 616
719 171 11021 310 1907073
720 3 892 5 397
721 0 0 0 0
722 0 0 0 0
723 0 0 0 0
724 0 0 0 0
725 0 0 0 0
726 0 0 0 0
727 20 1342 18 94811
728 0 0 0 0
729 0 0 0 0
730 0 0 0 0
731 0 0 0 0
732 0 0 0 0
733 0 0 0 0
734 0 0 0 0
735 0 0 0 0
736 13 2593 9 4831
737 0 0 0 0
738 0 0 0 0
739 0 0 0 0
740 4 271 3 144
741 0 0 0 0
742 0 0 0 0
743 0 0 0 0
744 6 2212 9 808
745 0 0 0 0
746 0 0 0 0
747 4 875 6 451
748 0 0 0 0
749 0 0 0 0
750 2 143 1 91
751 0 0 0 0
752 0 0 0 0
753 0 0 0 0
754 0 0 0 0
755 0 0 0 0
756 0 0 0 0
757 0 0 0 0
758 0 0 0 0
759 0 0 0 0
760 3 892 5 397
761 0 0 0 0
762 0 0 0 0
763 13 2625 7 4461
764 2 111 3 434
765 4 286 2 182
766 0 0 0 0
767 0 0 0 0
768 0 0 0 0
769 10 685 6 339
770 2 143 1 91
771 2 143 1 91
772 0 0 0 0
773 0 0 0 0
774 0 0 0 0
775 0 0 0 0
776 2 143 1 91
777 4 857 6 451
778 0 0 0 0
779 0 0 0 0
780 0 0 0 0
781 0 0 0 0
782 0 0 0 0
783 0 0 0 0
784 0 0 0 0
785 5 1888 8 616
786 2 143 2 143
787 0 0 0 0
788 0 0 0 0
789 0 0 0 0
790 0 0 0 0
791 0 0 0 0
792 0 0 0 0
793 0 0 0 0
794 0 0 0 0
795 0 0 0 0
796 0 0 0 0
797 2 146 1 118
798 1 60 0 0
799 0 0 0 0
800 4 955 5 397
801 19 3147 16 9733
802 10 848 10 4620
803 166 23364 142 93530
804 177 37610 127 209357
805 29 5792 23 38562
806 0 0 0 0
807 6 983 6 586
808 0 0 0 0
809 0 0 0 0
810 0 0 0 0
811 0 0 0 0
812 1 60 0 0
813 5 2079 4 216
814 484 52163 504 1682388
815 344 25644 453 2732938
816 47 7420 74 406269
817 152 11549 237 1268634
818 19 2356 15 2755
819 35 6929 36 8294
820 13 1911 10 1969
821 0 0 0 0
822 19 3553 24 1673
823 0 0 0 0
824 28 5869 27 7343
825 17 16807 19 1191
826 0 0 0 0
827 0 0 0 0
828 18 2227 10 56972
829 8 3015 14 1153
830 0 0 0 0
831 0 0 0 0
832 0 0 0 0
833 0 0 0 0
834 3 832 5 397
835 0 0 0 0
836 0 0 0 0
837 10 3139 14 1153
838 52 5006 69 428701
839 0 0 0 0
840 3 883 5 397
841 0 0 0 0
842 15 3462 16 2032
843 21 2748 19 3518
844 11 3936 8 553
845 53 8827 66 26767
846 0 0 0 0
847 0 0 0 0
848 20 2461 19 179549
849 0 0 0 0
850 16 4208 17 30487
851 0 0 0 0
852 54 12732 50 72715
853 392 28150 422 1950858
854 197 14270 337 2288203
855 32 30870 39 15924
856 35 3104 49 295292
857 12 2431 16 1602
858 11 3128 13 1028
859 0 0 0 0
860 0 0 0 0
861 3 195 3 195
862 192 14928 330 1798730
863 3 207 7 632
864 0 0 0 0
865 0 0 0 0
866 156 21368 250 1614894
867 46 3628 58 211644
868 0 0 0 0
869 0 0 0 0
870 0 0 0 0
871 0 0 0 0
872 220 17718 353 1854886
873 4 247 3 195
874 3 195 3 195
875 3 195 3 195
876 225 14811 343 2118942
877 0 0 0 0
878 0 0 0 0
879 0 0 0 0
880 0 0 0 0
881 289 21254 434 2458224
882 5 993 5 397
883 0 0 0 0
884 0 0 0 0
885 0 0 0 0
886 0 0 0 0
887 0 0 0 0
888 0 0 0 0
889 141 9188 270 1796632
890 43 3008 67 321998
891 0 0 0 0
892 11 3897 15 1119
893 0 0 0 0
894 0 0 0 0
895 0 0 0 0
896 35 3106 67 449620
897 198 13810 328 1968584
898 0 0 0 0
899 0 0 0 0
900 0 0 0 0
901 0 0 0 0
902 195 13352 357 2119670
903 2 143 2 143
904 2 143 2 143
905 0 0 0 0
906 0 0 0 0
907 201 14556 355 2119566
908 0 0 0 0
909 0 0 0 0
910 0 0 0 0
911 38 4666 64 450813
912 159 10148 284 1691134
913 1 91 2 143
914 1 52 0 0
915 208 14447 364 2120073
916 2 143 2 143
917 0 0 0 0
918 0 0 0 0
919 126 8308 217 1464604
920 20 1223 10 559
921 0 0 0 0
922 6 2380 6 451
923 202 13784 360 2103954
924 0 0 0 0
925 4 345 4 587
926 34 3054 65 441357
927 0 0 0 0
928 200 14392 352 2096927
929 3 180 1 52
930 0 0 0 0
931 2 143 1 91
932 5 323 2 143
933 165 12116 258 1747904
934 0 0 0 0
935 0 0 0 0
936 0 0 0 0
937 3 888 5 397
938 0 0 0 0
939 0 0 0 0
940 0 0 0 0
941 261 20367 421 2551692
942 0 0 0 0
943 0 0 0 0
944 0 0 0 0
945 0 0 0 0
946 0 0 0 0
947 0 0 0 0
948 0 0 0 0
949 0 0 0 0
950 0 0 0 0
951 202 14188 343 2118942
952 4 874 6 451
953 0 0 0 0
954 0 0 0 0
955 0 0 0 0
956 0 0 0 0
957 0 0 0 0
958 0 0 0 0
959 0 0 0 0
960 225 16344 362 2107864
961 2 143 1 91
962 2 143 1 91
963 3 180 2 104
964 0 0 0 0
965 0 0 0 0
966 0 0 0 0
967 0 0 0 0
968 3 180 1 52
969 0 0 0 0
970 226 14971 434 2559175
971 0 0 0 0
972 2 143 1 91
973 4 271 3 144
974 2 143 1 91
975 2 143 1 91
976 0 0 0 0
977 3 893 5 397
978 0 0 0 0
979 0 0 0 0
980 0 0 0 0
981 238 15816 368 2120242
982 4 875 6 451
983 0 0 0 0
984 4 271 3 144
985 4 271 3 144
986 0 0 0 0
987 5 323 2 104
988 0 0 0 0
989 0 0 0 0
990 0 0 0 0
991 235 17796 349 1846263
992 0 0 0 0
993 0 0 0 0
994 0 0 0 0
995 0 0 0 0
996 0 0 0 0
997 0 0 0 0
998 0 0 0 0
999 0 0 0 0
1000 0 0 0 0
1001 5 1664 4 18240
1002 307 22367 491 2512214
1003 0 0 0 0
1004 0 0 0 0
1005 6 1967 8 852
1006 0 0 0 0
1007 0 0 0 0
1008 0 0 0 0
1009 0 0 0 0
1010 0 0 0 0
1011 0 0 0 0
1012 4 875 6 451
1013 0 0 0 0
1014 0 0 0 0
1015 8 542 6 288
1016 0 0 0 0
1017 3 889 5 397
1018 209 14600 338 2044135
1019 0 0 0 0
1020 0 0 0 0
1021 0 0 0 0
1022 0 0 0 0
1023 0 0 0 0
1024 0 0 0 0
1025 4 271 3 144
1026 0 0 0 0
1027 4 271 3 144
1028 3 219 2 104
1029 0 0 0 0
1030 0 0 0 0
1031 0 0 0 0
1032 0 0 0 0
1033 44 3692 67 453692
1034 0 0 0 0
1035 0 0 0 0
1036 0 0 0 0
1037 0 0 0 0
1038 0 0 0 0
1039 1 76 0 0
1040 0 0 0 0
1041 0 0 0 0
1042 4 875 6 451
1043 0 0 0 0
1044 0 0 0 0
1045 0 0 0 0
1046 0 0 0 0
1047 0 0 0 0
1048 0 0 0 0
1049 1 76 0 0
1050 0 0 0 0
1051 0 0 0 0
1052 0 0 0 0
1053 0 0 0 0
1054 0 0 0 0
1055 0 0 0 0
1056 0 0 0 0
1057 3 893 5 397
1058 0 0 0 0
1059 1 76 0 0
1060 0 0 0 0
1061 0 0 0 0
1062 0 0 0 0
1063 0 0 0 0
1064 0 0 0 0
1065 0 0 0 0
1066 0 0 0 0
1067 0 0 0 0
1068 0 0 0 0
1069 1 76 0 0
1070 0 0 0 0
1071 0 0 0 0
1072 3 793 2 104
1073 2 155 6 630
1074 0 0 0 0
1075 0 0 0 0
1076 0 0 0 0
1077 0 0 0 0
1078 0 0 0 0
1079 0 0 0 0
1080 0 0 0 0
1081 0 0 0 0
1082 0 0 0 0
1083 0 0 0 0
1084 0 0 0 0
1085 0 0 0 0
1086 0 0 0 0
1087 0 0 0 0
1088 0 0 0 0
1089 0 0 0 0
1090 0 0 0 0
1091 0 0 0 0
1092 0 0 0 0
1093 0 0 0 0
1094 0 0 0 0
1095 0 0 0 0
1096 0 0 0 0
1097 5 998 5 397
1098 0 0 0 0
1099 0 0 0 0
1100 0 0 0 0
1101 2 139 2 135
1102 6 961 6 451
1103 0 0 0 0
1104 57 4463 56 109763
1105 0 0 0 0
1106 0 0 0 0
1107 0 0 0 0
1108 0 0 0 0
1109 0 0 0 0
1110 0 0 0 0
1111 0 0 0 0
1112 0 0 0 0
1113 0 0 0 0
1114 0 0 0 0
1115 0 0 0 0
1116 6 2384 9 668
1117 6 419 5 416
1118 0 0 0 0
1119 0 0 0 0
1120 0 0 0 0
1121 0 0 0 0
1122 0 0 0 0
1123 6 4564 6 312
1124 9 519 31 79847
1125 0 0 0 0
1126 0 0 0 0
1127 0 0 0 0
1128 0 0 0 0
1129 0 0 0 0
1130 0 0 0 0
1131 0 0 0 0
1132 6 962 6 451
1133 0 0 0 0
1134 371 35174 461 2037140
1135 327 36645 413 1551806
1136 89 6423 130 791748
1137 19 5083 28 2372
1138 20 2347 21 180868
1139 0 0 0 0
1140 11 4697 15 1132
1141 0 0 0 0
1142 10 2056 12 975
1143 2 1386 2 2935
1144 6 1655 9 705
1145 19 3943 15 6362
1146 19 19446 21 1292
1147 0 0 0 0
1148 0 0 0 0
1149 0 0 0 0
1150 6 1183 6 524
1151 0 0 0 0
1152 0 0 0 0
1153 0 0 0 0
1154 4 896 6 450
1155 0 0 0 0
1156 0 0 0 0
1157 4 1094 6 524
1158 0 0 0 0
1159 0 0 0 0
1160 0 0 0 0
1161 0 0 0 0
1162 0 0 0 0
1163 41 6509 37 5680
1164 5 937 5 397
1165 561 46308 756 4277813
1166 322 31501 590 3386120
1167 270 19314 631 4038701
1168 479 37339 926 5436461
1169 109 7912 234 1485369
1170 0 0 0 0
1171 372 30835 671 3775138
1172 4 899 6 451
1173 25 19316 26 21219
1174 5 972 10 869
1175 4 920 6 451
1176 5 2198 7 501
1177 0 0 0 0
1178 0 0 0 0
1179 0 0 0 0
1180 0 0 0 0
1181 4 1081 6 524
1182 0 0 0 0
1183 0 0 0 0
1184 3 831 5 397
1185 0 0 0 0
1186 0 0 0 0
1187 0 0 0 0
1188 0 0 0 0
1189 4 1094 6 524
1190 0 0 0 0
1191 0 0 0 0
1192 0 0 0 0
1193 4 286 3 234
1194 6 1759 10 794
1195 2 143 2 143
1196 25 7558 41 6429
1197 20 3582 25 18645
1198 0 0 0 0
1199 0 0 0 0
1200 0 0 0 0
1201 6 3359 2 104
1202 181 19092 193 714236
1203 193 16596 209 1076111
1204 310 28391 391 1945228
1205 151 42036 173 525937
1206 34 3908 36 25305
1207 0 0 0 0
1208 6 2951 8 555
1209 0 0 0 0
1210 3 858 5 397
1211 63 4689 104 706080
1212 105 6180 206 1306035
1213 0 0 0 0
1214 8 1100 12 1404
1215 0 0 0 0
1216 33 3011 45 289311
1217 157 10397 274 1664419
1218 13 10751 15 980
1219 0 0 0 0
1220 3 866 5 397
1221 0 0 0 0
1222 127 8461 247 1631860
1223 4 208 10 72801
1224 2 143 2 143
1225 4 345 4 587
1226 39 3324 63 424862
1227 0 0 0 0
1228 167 12514 297 1749697
1229 5 1355 7 564
1230 3 1043 5 397
1231 39 2359 45 240059
1232 66 4891 101 680164
1233 88 5524 202 1222082
1234 0 0 0 0
1235 0 0 0 0
1236 0 0 0 0
1237 0 0 0 0
1238 200 13927 334 1981395
1239 0 0 0 0
1240 0 0 0 0
1241 44 3585 68 414142
1242 70 9011 109 640184
1243 133 9780 228 1192341
1244 0 0 0 0
1245 0 0 0 0
1246 0 0 0 0
1247 0 0 0 0
1248 177 13043 313 1735764
1249 7 1510 7 564
1250 0 0 0 0
1251 0 0 0 0
1252 20 3345 19 96515
1253 198 12908 350 1964538
1254 2 143 1 91
1255 4 286 4 286
1256 63 5637 80 404757
1257 0 0 0 0
1258 3 180 1 52
1259 0 0 0 0
1260 0 0 0 0
1261 273 22471 445 2112599
1262 0 0 0 0
1263 4 286 4 286
1264 8 572 8 572
1265 0 0 0 0
1266 0 0 0 0
1267 138 8591 278 1650216
1268 19 1360 28 114691
1269 0 0 0 0
1270 0 0 0 0
1271 40 3377 67 381599
1272 81 7592 110 621959
1273 71 3692 136 967347
1274 0 0 0 0
1275 0 0 0 0
1276 0 0 0 0
1277 0 0 0 0
1278 185 13075 328 1951582
1279 0 0 0 0
1280 3 180 1 52
1281 0 0 0 0
1282 35 3235 49 342580
1283 175 12027 296 1672485
1284 0 0 0 0
1285 6 1376 6 512
1286 43 3533 63 418964
1287 0 0 0 0
1288 3 180 1 52
1289 0 0 0 0
1290 157 11219 287 1709943
1291 0 0 0 0
1292 3 869 5 397
1293 0 0 0 0
1294 0 0 0 0
1295 0 0 0 0
1296 0 0 0 0
1297 0 0 0 0
1298 0 0 0 0
1299 0 0 0 0
1300 0 0 0 0
1301 190 14714 339 1905236
1302 4 873 6 451
1303 0 0 0 0
1304 0 0 0 0
1305 4 271 2 104
1306 4 271 3 144
1307 0 0 0 0
1308 0 0 0 0
1309 0 0 0 0
1310 0 0 0 0
1311 0 0 0 0
1312 0 0 0 0
1313 9 1610 9 746
1314 0 0 0 0
1315 0 0 0 0
1316 0 0 0 0
1317 0 0 0 0
1318 3 180 2 104
1319 0 0 0 0
1320 0 0 0 0
1321 4 286 2 182
1322 8 572 4 364
1323 0 0 0 0
1324 0 0 0 0
1325 0 0 0 0
1326 0 0 0 0
1327 0 0 0 0
1328 0 0 0 0
1329 0 0 0 0
1330 0 0 0 0
1331 0 0 0 0
1332 6 1635 9 705
1333 0 0 0 0
1334 0 0 0 0
1335 0 0 0 0
1336 4 271 3 144
1337 0 0 0 0
1338 0 0 0 0
1339 0 0 0 0
1340 0 0 0 0
1341 0 0 0 0
1342 0 0 0 0
1343 0 0 0 0
1344 0 0 0 0
1345 0 0 0 0
1346 0 0 0 0
1347 0 0 0 0
1348 2 143 1 91
1349 0 0 0 0
1350 0 0 0 0
1351 12 2843 8 4791
1352 0 0 0 0
1353 0 0 0 0
1354 0 0 0 0
1355 0 0 0 0
1356 0 0 0 0
1357 0 0 0 0
1358 0 0 0 0
1359 0 0 0 0
1360 0 0 0 0
1361 0 0 0 0
1362 4 855 6 451
1363 0 0 0 0
1364 0 0 0 0
1365 0 0 0 0
1366 0 0 0 0
1367 7 490 4 208
1368 0 0 0 0
1369 5 1354 7 704
1370 0 0 0 0
1371 0 0 0 0
1372 3 869 5 397
1373 0 0 0 0
1374 0 0 0 0
1375 14 989 11 584
1376 12 813 9 432
1377 0 0 0 0
1378 0 0 0 0
1379 0 0 0 0
1380 0 0 0 0
1381 0 0 0 0
1382 0 0 0 0
1383 0 0 0 0
1384 0 0 0 0
1385 0 0 0 0
1386 0 0 0 0
1387 0 0 0 0
1388 0 0 0 0
1389 0 0 0 0
1390 0 0 0 0
1391 0 0 0 0
1392 4 855 6 451
1393 0 0 0 0
1394 0 0 0 0
1395 0 0 0 0
1396 0 0 0 0
1397 5 2131 8 616
1398 0 0 0 0
1399 0 0 0 0
1400 0 0 0 0
1401 6 410 5 279
1402 0 0 0 0
1403 0 0 0 0
1404 0 0 0 0
1405 0 0 0 0
1406 0 0 0 0
1407 0 0 0 0
1408 0 0 0 0
1409 0 0 0 0
1410 0 0 0 0
1411 0 0 0 0
1412 3 879 6 488
1413 0 0 0 0
1414 0 0 0 0
1415 0 0 0 0
1416 0 0 0 0
1417 10 685 8 638
1418 6 4478 6 312
1419 36 1923 36 77098
1420 0 0 0 0
1421 0 0 0 0
1422 6 959 6 451
1423 0 0 0 0
1424 0 0 0 0
1425 11 4576 11 772
1426 0 0 0 0
1427 0 0 0 0
1428 157 17192 156 595973
1429 213 26750 248 1109098
1430 213 18863 295 1202929
1431 8 2457 11 1310
1432 4 897 6 451
1433 0 0 0 0
1434 11 4686 16 1184
1435 0 0 0 0
1436 0 0 0 0
1437 0 0 0 0
1438 6 1692 10 800
1439 19 3780 16 6414
1440 21 18629 21 1292
1441 0 0 0 0
1442 9 1761 8 66695
1443 0 0 0 0
1444 7 1435 7 564
1445 0 0 0 0
1446 0 0 0 0
1447 0 0 0 0
1448 3 831 5 397
1449 0 0 0 0
1450 38 6358 38 5735
1451 0 0 0 0
1452 49 9984 61 39023
1453 10 7129 12 824
1454 0 0 0 0
1455 0 0 0 0
1456 0 0 0 0
1457 0 0 0 0
1458 3 824 5 397
1459 42 8029 39 71559
1460 241 26611 291 1325617
1461 338 24619 632 3026447
1462 8 2863 16 1315
1463 0 0 0 0
1464 0 0 0 0
1465 16 4917 16 1184
1466 0 0 0 0
1467 1 684 1 52
1468 25 2653 61 321673
1469 14 2823 22 82427
1470 120 8028 328 1728582
1471 115 32793 183 907016
1472 178 16536 470 2241246
1473 72 3744 204 1075843
1474 0 0 0 0
1475 0 0 0 0
1476 0 0 0 0
1477 3 848 5 397
1478 0 0 0 0
1479 4 1012 6 451
1480 0 0 0 0
1481 6 2114 9 668
1482 0 0 0 0
1483 0 0 0 0
1484 0 0 0 0
1485 0 0 0 0
1486 0 0 0 0
1487 3 833 5 397
1488 2 143 2 143
1489 18 2680 22 2170
1490 0 0 0 0
1491 3 1350 5 397
1492 0 0 0 0
1493 0 0 0 0
1494 23 4718 32 22967
1495 0 0 0 0
1496 0 0 0 0
1497 0 0 0 0
1498 0 0 0 0
1499 4 3514 4 208
1500 18 6197 22 32340
1501 317 30776 334 1166718
1502 13 3639 16 61782
1503 237 21653 401 1464714
1504 94 37027 121 309456
1505 238 18131 469 1995652
1506 0 0 0 0
1507 9 3665 13 952
1508 0 0 0 0
1509 0 0 0 0
1510 0 0 0 0
1511 5 1056 7 515
1512 6 1399 11 924
1513 0 0 0 0
1514 0 0 0 0
1515 41 3424 85 363722
1516 126 18580 325 1682249
1517 8 3784 22 1481
1518 0 0 0 0
1519 0 0 0 0
1520 2 143 2 143
1521 0 0 0 0
1522 0 0 0 0
1523 61 4576 97 498348
1524 98 5096 193 1185079
1525 4 345 4 587
1526 0 0 0 0
1527 3 864 5 397
1528 0 0 0 0
1529 34 3341 52 387353
1530 0 0 0 0
1531 0 0 0 0
1532 0 0 0 0
1533 0 0 0 0
1534 186 12716 279 1673710
1535 0 0 0 0
1536 0 0 0 0
1537 0 0 0 0
1538 3 868 5 397
1539 0 0 0 0
1540 6 3222 8 616
1541 185 14417 309 1689076
1542 0 0 0 0
1543 0 0 0 0
1544 3 180 1 52
1545 48 3814 63 383342
1546 0 0 0 0
1547 2 143 1 91
1548 0 0 0 0
1549 120 9709 211 1149603
1550 75 5934 126 603618
1551 0 0 0 0
1552 0 0 0 0
1553 0 0 0 0
1554 0 0 0 0
1555 9 634 20 86119
1556 0 0 0 0
1557 155 10074 282 1790893
1558 3 180 1 52
1559 43 3569 58 373567
1560 0 0 0 0
1561 2 143 2 143
1562 0 0 0 0
1563 4 286 4 286
1564 0 0 0 0
1565 7 2716 9 904
1566 0 0 0 0
1567 213 15294 317 1826371
1568 0 0 0 0
1569 0 0 0 0
1570 2 143 2 143
1571 4 868 6 451
1572 0 0 0 0
1573 0 0 0 0
1574 0 0 0 0
1575 170 11932 315 2279800
1576 0 0 0 0
1577 0 0 0 0
1578 5 1011 6 488
1579 0 0 0 0
1580 0 0 0 0
1581 0 0 0 0
1582 0 0 0 0
1583 0 0 0 0
1584 149 10246 287 1891770
1585 0 0 0 0
1586 3 180 1 52
1587 0 0 0 0
1588 3 180 1 52
1589 27 2699 33 210372
1590 14 728 25 154691
1591 0 0 0 0
1592 0 0 0 0
1593 154 11764 254 1720134
1594 0 0 0 0
1595 0 0 0 0
1596 1 52 1 52
1597 0 0 0 0
1598 0 0 0 0
1599 0 0 0 0
1600 4 271 2 104
1601 4 870 6 451
1602 0 0 0 0
1603 0 0 0 0
1604 41 3427 56 375241
1605 0 0 0 0
1606 119 7847 210 1307936
1607 51 3095 86 453927
1608 0 0 0 0
1609 0 0 0 0
1610 0 0 0 0
1611 0 0 0 0
1612 1 52 1 52
1613 2 143 2 143
1614 0 0 0 0
1615 1 329 1 332
1616 0 0 0 0
1617 5 323 2 143
1618 3 871 5 397
1619 2 143 1 91
1620 0 0 0 0
1621 4 286 2 182
1622 0 0 0 0
1623 0 0 0 0
1624 0 0 0 0
1625 0 0 0 0
1626 50 8059 30 15707
1627 178 13043 282 1580011
1628 2 143 1 91
1629 0 0 0 0
1630 0 0 0 0
1631 8 1142 9 595
1632 0 0 0 0
1633 33 3263 35 211444
1634 0 0 0 0
1635 0 0 0 0
1636 0 0 0 0
1637 0 0 0 0
1638 0 0 0 0
1639 0 0 0 0
1640 0 0 0 0
1641 1 52 1 52
1642 0 0 0 0
1643 0 0 0 0
1644 0 0 0 0
1645 0 0 0 0
1646 0 0 0 0
1647 0 0 0 0
1648 0 0 0 0
1649 0 0 0 0
1650 0 0 0 0
1651 0 0 0 0
1652 0 0 0 0
1653 0 0 0 0
1654 0 0 0 0
1655 0 0 0 0
1656 0 0 0 0
1657 0 0 0 0
1658 4 952 6 589
1659 0 0 0 0
1660 0 0 0 0
1661 8 1142 9 595
1662 0 0 0 0
1663 0 0 0 0
1664 0 0 0 0
1665 0 0 0 0
1666 0 0 0 0
1667 0 0 0 0
1668 0 0 0 0
1669 0 0 0 0
1670 0 0 0 0
1671 0 0 0 0
1672 6 414 4 235
1673 1 52 1 52
1674 4 271 3 144
1675 9 594 6 300
1676 0 0 0 0
1677 0 0 0 0
1678 0 0 0 0
1679 0 0 0 0
1680 0 0 0 0
1681 0 0 0 0
1682 4 271 2 104
1683 0 0 0 0
1684 0 0 0 0
1685 0 0 0 0
1686 1 52 1 52
1687 0 0 0 0
1688 0 0 0 0
1689 0 0 0 0
1690 0 0 0 0
1691 4 853 6 451
1692 0 0 0 0
1693 0 0 0 0
1694 0 0 0 0
1695 0 0 0 0
1696 0 0 0 0
1697 0 0 0 0
1698 19 3299 19 4064
1699 0 0 0 0
1700 0 0 0 0
1701 2 139 1 83
1702 0 0 1 52
1703 0 0 0 0
1704 0 0 0 0
1705 0 0 0 0
1706 0 0 0 0
1707 0 0 0 0
1708 0 0 0 0
1709 0 0 0 0
1710 0 0 0 0
1711 0 0 0 0
1712 0 0 0 0
1713 0 0 0 0
1714 0 0 0 0
1715 2 283 0 0
1716 17 923 18 68342
1717 1 60 0 0
1718 1 60 0 0
1719 5 359 5 416
1720 0 0 0 0
1721 4 846 6 451
1722 0 0 0 0
1723 0 0 0 0
1724 0 0 0 0
1725 0 0 0 0
1726 0 0 0 0
1727 0 0 0 0
1728 0 0 0 0
1729 23 4222 22 7535
1730 6 360 6 394
1731 0 0 0 0
1732 0 0 0 0
1733 0 0 0 0
1734 0 0 0 0
1735 0 0 0 0
1736 0 0 0 0
1737 0 0 0 0
1738 3 1091 5 397
1739 0 0 0 0
1740 0 0 0 0
1741 0 0 0 0
1742 0 0 0 0
1743 0 0 0 0
1744 0 0 0 0
1745 0 0 0 0
1746 0 0 0 0
1747 0 0 0 0
1748 3 180 2 104
1749 0 0 0 0
1750 0 0 0 0
1751 4 846 6 451
1752 0 0 0 0
1753 0 0 0 0
1754 0 0 0 0
1755 0 0 0 0
1756 0 0 0 0
1757 3 195 2 143
1758 0 0 0 0
1759 29 9297 42 74705
1760 0 0 0 0
1761 0 0 0 0
1762 0 0 0 0
1763 0 0 0 0
1764 0 0 0 0
1765 0 0 0 0
1766 0 0 0 0
1767 6 1548 6 512
1768 0 0 0 0
1769 161 21010 155 681005
1770 276 32949 350 1651507
1771 7 1979 11 852
1772 13 3121 18 1574
1773 23 2497 22 162945
1774 15 5596 18 1251
1775 2 143 5 473
1776 0 0 0 0
1777 11 3132 14 1153
1778 3 851 5 397
1779 4 904 6 451
1780 19 3984 15 6361
1781 10 1810 9 67175
1782 0 0 0 0
1783 0 0 0 0
1784 13 11686 5 397
1785 14 8000 30 2185
1786 0 0 0 0
1787 2 143 2 143
1788 0 0 0 0
1789 0 0 0 0
1790 0 0 0 0
1791 6 1602 5 20747
1792 12 4800 17 1309
1793 22 2758 32 27784
1794 0 0 0 0
1795 0 0 0 0
1796 0 0 0 0
1797 0 0 0 0
1798 0 0 0 0
1799 0 0 0 0
1800 6 5985 6 312
1801 223 23765 243 977110
1802 237 51492 317 1226778
1803 0 0 0 0
1804 26 2634 36 222855
1805 171 11672 312 1877382
1806 44 9190 46 6281
1807 3 873 5 397
1808 0 0 0 0
1809 0 0 0 0
1810 0 0 0 0
1811 4 917 6 451
1812 0 0 0 0
1813 0 0 0 0
1814 25 2582 33 255132
1815 0 0 0 0
1816 15 10011 17 1158
1817 3 877 5 397
1818 0 0 0 0
1819 0 0 0 0
1820 0 0 0 0
1821 222 15876 323 1878206
1822 0 0 0 0
1823 0 0 0 0
1824 36 3155 46 351180
1825 4 345 4 587
1826 0 0 0 0
1827 5 1023 7 540
1828 2 143 2 143
1829 0 0 0 0
1830 2 143 2 143
1831 242 19244 360 1920149
1832 0 0 0 0
1833 0 0 0 0
1834 0 0 0 0
1835 0 0 0 0
1836 0 0 0 0
1837 0 0 0 0
1838 2 143 2 143
1839 0 0 0 0
1840 36 3156 52 350375
1841 4 862 6 451
1842 0 0 0 0
1843 0 0 0 0
1844 4 3100 0 0
1845 242 18875 398 1827307
1846 5 1021 6 488
1847 27 4882 24 14863
1848 0 0 0 0
1849 0 0 0 0
1850 0 0 0 0
1851 2 143 2 143
1852 0 0 0 0
1853 0 0 0 0
1854 41 3411 57 357871
1855 0 0 0 0
1856 147 11993 263 1373804
1857 100 7948 151 655574
1858 0 0 0 0
1859 6 307 6 3864
1860 2 143 2 143
1861 0 0 0 0
1862 5 264 5 2284
1863 0 0 0 0
1864 4 286 4 286
1865 0 0 0 0
1866 0 0 0 0
1867 0 0 0 0
1868 0 0 0 0
1869 3 219 2 104
1870 42 3468 61 367677
1871 10 2714 14 1303
1872 148 10082 297 1979593
1873 0 0 0 0
1874 0 0 0 0
1875 50 3054 74 264702
1876 0 0 0 0
1877 0 0 0 0
1878 0 0 0 0
1879 0 0 0 0
1880 0 0 0 0
1881 0 0 0 0
1882 0 0 0 0
1883 0 0 0 0
1884 31 2896 42 289892
1885 5 323 3 195
1886 5 1024 6 488
1887 0 0 0 0
1888 92 7042 138 878815
1889 0 0 0 0
1890 0 0 0 0
1891 0 0 0 0
1892 6 2192 9 668
1893 0 0 0 0
1894 0 0 0 0
1895 0 0 0 0
1896 2 143 1 91
1897 0 0 0 0
1898 0 0 0 0
1899 0 0 0 0
1900 3 219 2 104
1901 4 864 6 451
1902 0 0 0 0
1903 0 0 0 0
1904 0 0 0 0
1905 1 68 0 0
1906 0 0 0 0
1907 3 180 2 104
1908 0 0 0 0
1909 2 143 1 91
1910 0 0 0 0
1911 0 0 0 0
1912 0 0 0 0
1913 0 0 0 0
1914 0 0 0 0
1915 0 0 0 0
1916 0 0 0 0
1917 3 180 1 52
1918 0 0 0 0
1919 0 0 0 0
1920 0 0 0 0
1921 0 0 0 0
1922 4 286 2 182
1923 0 0 0 0
1924 0 0 0 0
1925 0 0 0 0
1926 3 882 5 397
1927 0 0 0 0
1928 4 1833 4 348
1929 2 143 4 408
1930 0 0 0 0
1931 4 847 6 451
1932 0 0 0 0
1933 2 143 2 143
1934 0 0 0 0
1935 0 0 0 0
1936 0 0 0 0
1937 0 0 0 0
1938 0 0 0 0
1939 0 0 0 0
1940 8 542 6 288
1941 0 0 0 0
1942 0 0 0 0
1943 4 271 3 144
1944 0 0 0 0
1945 0 0 0 0
1946 0 0 0 0
1947 0 0 0 0
1948 0 0 0 0
1949 0 0 0 0
1950 0 0 0 0
1951 4 271 3 144
1952 0 0 0 0
1953 0 0 0 0
1954 0 0 0 0
1955 0 0 0 0
1956 2 1129 2 104
1957 2 143 4 408
1958 0 0 0 0
1959 0 0 0 0
1960 0 0 0 0
1961 4 846 6 451
1962 0 0 0 0
1963 4 271 3 144
1964 0 0 0 0
1965 0 0 0 0
1966 3 881 5 397
1967 0 0 0 0
1968 0 0 0 0
1969 0 0 0 0
1970 0 0 0 0
1971 0 0 0 0
1972 0 0 0 0
1973 0 0 0 0
1974 0 0 0 0
1975 0 0 0 0
1976 0 0 0 0
1977 8 542 6 288
1978 0 0 0 0
1979 0 0 0 0
1980 0 0 0 0
1981 0 0 0 0
1982 0 0 0 0
1983 0 0 0 0
1984 6 1987 8 616
1985 0 0 0 0
1986 0 0 0 0
1987 0 0 0 0
1988 0 0 0 0
1989 0 0 0 0
1990 0 0 0 0
1991 4 847 6 451
1992 2 143 1 91
1993 0 0 0 0
1994 0 0 0 0
1995 0 0 0 0
1996 6 4559 0 0
1997 2 143 11 2215
1998 0 0 0 0
1999 0 0 0 0
2000 0 0 0 0
2001 0 0 0 0
2002 1 87 2 135
2003 0 0 0 0
2004 3 180 2 104
2005 0 0 0 0
2006 37 6184 41 23165
2007 0 0 0 0
2008 0 0 0 0
2009 0 0 0 0
2010 0 0 0 0
2011 4 3516 4 208
2012 10 571 41 102935
2013 0 0 0 0
2014 273 31795 269 1045874
2015 111 15196 159 819367
2016 279 55605 351 1706702
2017 82 8026 135 774372
2018 4 247 4 491
2019 0 0 0 0
2020 12 4769 16 1184
2021 6 1999 8 629
2022 0 0 0 0
2023 0 0 0 0
2024 8 1881 12 902
2025 23 4744 21 6811
2026 0 0 0 0
2027 6 2017 8 629
2028 0 0 0 0
2029 14 12601 16 1032
2030 0 0 0 0
2031 0 0 0 0
2032 0 0 0 0
2033 23 4366 22 3374
2034 0 0 1 52
2035 3 899 5 397
2036 0 0 0 0
2037 3 992 5 397
2038 0 0 0 0
2039 0 0 0 0
2040 232 34606 249 800507
2041 394 36744 457 2286813
2042 3 1142 5 399
2043 12 3066 18 1574
2044 7 1797 11 848
2045 12 5561 16 1184
2046 5 299 6 524
2047 0 0 0 0
2048 0 0 0 0
2049 0 0 0 0
2050 8 3998 9 607
2051 7 442 10 869
2052 0 0 0 0
2053 0 0 0 0
2054 23 22608 27 1741
2055 0 0 0 0
2056 4 1079 6 524
2057 0 0 0 0
2058 17 3672 19 2244
2059 22 2807 20 3579
2060 0 0 0 0
2061 151 22467 177 686522
2062 173 14562 199 921410
2063 4 1494 3 27204
2064 262 19399 376 2089755
2065 0 0 0 0
2066 26 5598 29 2630
2067 0 0 0 0
2068 0 0 0 0
2069 23 2538 40 141803
2070 0 0 0 0
2071 0 0 0 0
2072 31 2898 44 307406
2073 37 3336 51 315636
2074 217 14884 353 1799090
2075 0 0 0 0
2076 0 0 0 0
2077 0 0 0 0
2078 0 0 0 0
2079 5 987 5 397
2080 0 0 0 0
2081 0 0 0 0
2082 0 0 0 0
2083 0 0 0 0
2084 36 3196 61 416249
2085 0 0 0 0
2086 189 12552 331 1891930
2087 13 11343 15 980
2088 0 0 0 0
2089 3 886 5 397
2090 0 0 0 0
2091 0 0 0 0
2092 2 143 2 143
2093 0 0 0 0
2094 4 866 6 451
2095 0 0 0 0
2096 0 0 0 0
2097 0 0 0 0
2098 187 13132 311 1767122
2099 41 3537 60 392965
2100 0 0 0 0
2101 2 143 2 143
2102 0 0 0 0
2103 0 0 0 0
2104 3 218 2 262
2105 0 0 0 0
2106 0 0 0 0
2107 0 0 0 0
2108 0 0 0 0
2109 0 0 0 0
2110 0 0 0 0
2111 0 0 0 0
2112 170 11069 297 1870596
2113 0 0 0 0
2114 46 3704 56 411631
2115 0 0 0 0
2116 0 0 0 0
2117 0 0 0 0
2118 0 0 0 0
2119 2 143 2 143
2120 2 143 2 143
2121 3 887 5 397
2122 0 0 0 0
2123 0 0 0 0
2124 202 14129 359 2028650
2125 4 345 4 587
2126 0 0 0 0
2127 0 0 0 0
2128 2 143 1 91
2129 44 3624 60 393659
2130 0 0 0 0
2131 0 0 0 0
2132 3 180 1 52
2133 0 0 0 0
2134 0 0 0 0
2135 1 76 0 0
2136 0 0 0 0
2137 180 11726 337 2090695
2138 0 0 0 0
2139 0 0 0 0
2140 0 0 0 0
2141 0 0 0 0
2142 0 0 0 0
2143 0 0 0 0
2144 42 3472 66 430649
2145 0 0 0 0
2146 0 0 0 0
2147 0 0 0 0
2148 0 0 0 0
2149 0 0 0 0
2150 2 143 1 91
2151 0 0 0 0
2152 126 8171 229 1476313
2153 0 0 0 0
2154 5 950 7 739
2155 3 180 1 52
2156 0 0 0 0
2157 3 180 1 52
2158 6 429 3 273
2159 0 0 0 0
2160 2 143 1 91
2161 3 885 5 397
2162 0 0 0 0
2163 0 0 0 0
2164 0 0 0 0
2165 0 0 0 0
2166 0 0 0 0
2167 0 0 0 0
2168 0 0 0 0
2169 0 0 0 0
2170 0 0 0 0
2171 0 0 0 0
2172 0 0 0 0
2173 0 0 0 0
2174 0 0 0 0
2175 0 0 0 0
2176 0 0 0 0
2177 2 143 1 91
2178 2 143 1 91
2179 0 0 0 0
2180 0 0 0 0
2181 0 0 0 0
2182 4 286 2 182
2183 0 0 0 0
2184 4 850 6 451
2185 0 0 0 0
2186 2 143 1 91
2187 0 0 0 0
2188 0 0 0 0
2189 0 0 0 0
2190 0 0 0 0
2191 0 0 0 0
2192 16 2167 14 2861
2193 0 0 0 0
2194 0 0 0 0
2195 0 0 0 0
2196 0 0 0 0
2197 0 0 0 0
2198 0 0 0 0
2199 0 0 0 0
2200 0 0 0 0
2201 3 1119 5 397
2202 0 0 0 0
2203 5 1896 7 564
2204 4 271 3 144
2205 0 0 0 0
2206 0 0 0 0
2207 0 0 0 0
2208 0 0 0 0
2209 0 0 0 0
2210 0 0 0 0
2211 12 813 9 444
2212 0 0 0 0
2213 4 271 3 144
2214 4 850 6 451
2215 0 0 0 0
2216 0 0 0 0
2217 0 0 0 0
2218 0 0 0 0
2219 0 0 0 0
2220 0 0 0 0
2221 0 0 0 0
2222 0 0 0 0
2223 0 0 0 0
2224 14 963 13 59898
2225 0 0 0 0
2226 0 0 0 0
2227 0 0 0 0
2228 0 0 0 0
2229 0 0 0 0
2230 0 0 0 0
2231 8 542 6 288
2232 0 0 0 0
2233 0 0 0 0
2234 0 0 0 0
2235 0 0 0 0
2236 12 2677 10 636
2237 2 143 4 408
2238 0 0 0 0
2239 0 0 0 0
2240 0 0 0 0
2241 3 888 5 397
2242 0 0 0 0
2243 0 0 0 0
2244 4 851 6 451
2245 0 0 0 0
2246 0 0 0 0
2247 4 1196 6 512
2248 0 0 0 0
2249 0 0 0 0
2250 0 0 0 0
2251 2 143 2 143
2252 0 0 0 0
2253 0 0 0 0
2254 0 0 0 0
2255 0 0 0 0
2256 0 0 0 0
2257 0 0 0 0
2258 0 0 0 0
2259 0 0 0 0
2260 0 0 0 0
2261 0 0 0 0
2262 0 0 0 0
2263 0 0 0 0
2264 10 7527 10 520
2265 10 610 36 80377
2266 0 0 0 0
2267 3 180 2 104
2268 0 0 0 0
2269 0 0 0 0
2270 0 0 0 0
2271 0 0 0 0
2272 0 0 0 0
2273 0 0 0 0
2274 6 955 6 451
2275 281 28598 291 1113146
2276 337 39807 411 1704933
2277 3 1232 5 401
2278 13 3117 18 1574
2279 23 2518 27 181180
2280 4 2625 4 208
2281 10 2938 17 1373
2282 0 0 0 0
2283 6 1839 12 1012
2284 13 2643 15 39527
2285 4 911 6 451
2286 18 4035 16 2321
2287 0 0 0 0
2288 0 0 0 0
2289 0 0 0 0
2290 0 0 0 0
2291 26 20520 27 1816
2292 0 0 0 0
2293 3 829 5 397
2294 0 0 0 0
2295 0 0 0 0
2296 0 0 0 0
2297 0 0 0 0
2298 6 1187 6 524
2299 0 0 0 0
2300 0 0 0 0
2301 0 0 0 0
2302 1 87 2 135
2303 3 830 5 397
2304 37 6269 38 5697
2305 0 0 0 0
2306 147 21848 161 548589
2307 309 35172 409 2171956
2308 3 1398 5 399
2309 10 2953 18 1574
2310 2 143 1 91
2311 9 3585 13 952
2312 13 4840 20 1639
2313 0 0 0 0
2314 4 892 6 451
2315 0 0 0 0
2316 4 909 6 451
2317 15 5393 21 1654
2318 1 60 0 0
2319 0 0 0 0
2320 17 16207 11 580
2321 9 1273 17 1369
2322 9 3080 14 1153
2323 0 0 0 0
2324 0 0 0 0
2325 3 917 5 397
2326 0 0 0 0
2327 41 10802 62 24659
2328 0 0 0 0
2329 0 0 0 0
2330 0 0 0 0
2331 132 19564 153 489588
2332 413 66040 466 2317183
2333 31 4166 45 18514
2334 31 2966 38 247748
2335 0 0 0 0
2336 0 0 0 0
2337 6 2829 8 555
2338 0 0 0 0
2339 0 0 0 0
2340 0 0 0 0
2341 4 918 6 451
2342 0 0 0 0
2343 3 858 5 397
2344 34 3083 44 283926
2345 235 16099 395 2086537
2346 0 0 0 0
2347 12 10667 14 932
2348 0 0 0 0
2349 0 0 0 0
2350 0 0 0 0
2351 0 0 0 0
2352 0 0 0 0
2353 3 857 5 397
2354 0 0 0 0
2355 45 3656 67 409940
2356 0 0 0 0
2357 0 0 0 0
2358 0 0 0 0
2359 0 0 0 0
2360 0 0 0 0
2361 0 0 0 0
2362 0 0 0 0
2363 204 14039 341 1994602
2364 0 0 0 0
2365 2 143 2 143
2366 0 0 0 0
2367 2 143 2 143
2368 0 0 0 0
2369 0 0 0 0
2370 40 3397 55 396813
2371 4 862 6 451
2372 0 0 0 0
2373 0 0 0 0
2374 0 0 0 0
2375 0 0 0 0
2376 6 3584 7 568
2377 0 0 1 52
2378 0 0 0 0
2379 0 0 0 0
2380 0 0 0 0
2381 215 16207 366 2027451
2382 0 0 0 0
2383 0 0 0 0
2384 40 3397 62 387137
2385 3 234 4 286
2386 1 52 0 0
2387 0 0 0 0
2388 0 0 0 0
2389 0 0 0 0
2390 3 180 1 52
2391 13 1574 14 1060
2392 2 143 1 91
2393 0 0 0 0
2394 3 180 1 52
2395 0 0 0 0
2396 0 0 0 0
2397 0 0 0 0
2398 219 14856 374 2065401
2399 0 0 0 0
2400 52 4045 72 394561
2401 9 2638 11 915
2402 0 0 0 0
2403 0 0 0 0
2404 0 0 0 0
2405 0 0 0 0
2406 0 0 0 0
2407 0 0 0 0
2408 0 0 0 0
2409 0 0 0 0
2410 0 0 0 0
2411 0 0 0 0
2412 20 2469 19 132590
2413 193 11640 301 1879110
2414 44 3053 61 234477
2415 47 3761 62 387116
2416 0 0 0 0
2417 0 0 0 0
2418 0 0 0 0
2419 0 0 0 0
2420 0 0 0 0
2421 3 180 1 52
2422 0 0 0 0
2423 4 232 3 156
2424 2 143 1 91
2425 4 345 4 587
2426 175 13149 312 1788455
2427 0 0 0 0
2428 0 0 0 0
2429 0 0 0 0
2430 41 3450 59 392001
2431 6 1636 9 705
2432 5 1876 7 568
2433 0 0 0 0
2434 0 0 0 0
2435 0 0 0 0
2436 195 14470 332 2080319
2437 0 0 0 0
2438 0 0 0 0
2439 0 0 0 0
2440 0 0 0 0
2441 0 0 0 0
2442 0 0 0 0
2443 0 0 0 0
2444 4 286 2 182
2445 4 271 3 144
2446 4 271 3 144
2447 3 180 2 104
2448 0 0 0 0
2449 0 0 0 0
2450 6 429 3 273
2451 0 0 0 0
2452 0 0 0 0
2453 39 3346 57 395959
2454 0 0 0 0
2455 0 0 0 0
2456 0 0 0 0
2457 0 0 0 0
2458 0 0 0 0
2459 0 0 0 0
2460 0 0 0 0
2461 4 867 6 451
2462 11 2803 7 4648
2463 2 111 2 394
2464 0 0 0 0
2465 0 0 0 0
2466 0 0 0 0
2467 0 0 0 0
2468 0 0 0 0
2469 213 15508 343 2075021
2470 0 0 0 0
2471 3 875 6 488
2472 0 0 0 0
2473 3 195 2 143
2474 0 0 0 0
2475 0 0 0 0
2476 0 0 0 0
2477 4 271 3 144
2478 0 0 0 0
2479 4 271 3 144
2480 0 0 0 0
2481 0 0 0 0
2482 2 1422 0 0
2483 42 2184 61 402916
2484 0 0 0 0
2485 0 0 0 0
2486 0 0 0 0
2487 0 0 0 0
2488 0 0 0 0
2489 0 0 0 0
2490 0 0 0 0
2491 6 971 6 451
2492 0 0 0 0
2493 0 0 0 0
2494 0 0 0 0
2495 0 0 0 0
2496 0 0 0 0
2497 8 542 6 288
2498 0 0 0 0
2499 0 0 0 0
2500 0 0 0 0
2501 0 0 0 0
2502 0 0 0 0
2503 8 542 6 288
2504 6 1805 3 144
2505 209 14236 364 2012514
2506 0 0 0 0
2507 0 0 0 0
2508 0 0 0 0
2509 0 0 0 0
2510 0 0 0 0
2511 6 1044 6 685
2512 45 5528 61 399786
2513 0 0 0 0
2514 0 0 0 0
2515 0 0 0 0
2516 10 2442 6 4397
2517 2 111 2 394
2518 0 0 0 0
2519 0 0 0 0
2520 0 0 0 0
2521 4 867 6 451
2522 0 0 0 0
2523 0 0 0 0
2524 0 0 0 0
2525 0 0 0 0
2526 0 0 0 0
2527 0 0 0 0
2528 0 0 0 0
2529 141 9438 263 1743814
2530 0 0 0 0
2531 0 0 0 0
2532 2 143 1 91
2533 0 0 0 0
2534 0 0 0 0
2535 0 0 0 0
2536 0 0 0 0
2537 0 0 0 0
2538 0 0 0 0
2539 0 0 0 0
2540 0 0 0 0
2541 0 0 0 0
2542 0 0 0 0
2543 42 3502 63 394904
2544 5 1350 6 656
2545 0 0 1 52
2546 0 0 0 0
2547 0 0 0 0
2548 0 0 0 0
2549 0 0 0 0
2550 204 15022 353 2060890
2551 7 1730 10 796
2552 0 0 0 0
2553 0 0 0 0
2554 0 0 0 0
2555 0 0 0 0
2556 0 0 0 0
2557 0 0 0 0
2558 0 0 0 0
2559 0 0 0 0
2560 0 0 0 0
2561 0 0 0 0
2562 0 0 0 0
2563 0 0 0 0
2564 0 0 0 0
2565 0 0 0 0
2566 0 0 0 0
2567 0 0 0 0
2568 0 0 0 0
2569 0 0 0 0
2570 0 0 0 0
2571 158 12482 223 1276412
2572 82 6962 117 602942
2573 47 3801 65 395661
2574 0 0 0 0
2575 0 0 0 0
2576 0 0 0 0
2577 0 0 0 0
2578 0 0 0 0
2579 0 0 0 0
2580 0 0 0 0
2581 4 868 6 451
2582 0 0 0 0
2583 0 0 0 0
2584 0 0 0 0
2585 4 271 3 144
2586 0 0 0 0
2587 0 0 0 0
2588 0 0 0 0
2589 0 0 0 0
2590 0 0 0 0
2591 3 863 5 397
2592 0 0 0 0
2593 0 0 0 0
2594 0 0 0 0
2595 0 0 0 0
2596 0 0 0 0
2597 0 0 0 0
2598 0 0 0 0
2599 5 1871 7 568
2600 1 89 0 0
2601 1 52 2 137
2602 2 139 1 83
2603 185 18654 160 352934
2604 0 0 0 0
2605 0 0 0 0
2606 0 0 0 0
2607 0 0 0 0
2608 117 8582 176 1013801
2609 0 0 0 0
2610 0 0 0 0
2611 4 868 6 451
2612 0 0 0 0
2613 0 0 0 0
2614 0 0 0 0
2615 0 0 0 0
2616 0 0 0 0
2617 2 146 1 118
2618 1 60 0 0
2619 0 0 0 0
2620 1 60 0 0
2621 0 0 0 0
2622 0 0 0 0
2623 0 0 0 0
2624 1 60 0 0
2625 0 0 0 0
2626 0 0 0 0
2627 0 0 0 0
2628 0 0 0 0
2629 0 0 0 0
2630 0 0 0 0
2631 3 864 5 397
2632 1 60 0 0
2633 0 0 0 0
2634 0 0 0 0
2635 0 0 0 0
2636 0 0 0 0
2637 3 251 1 60
2638 20 2153 15 7216
2639 22 2268 14 6815
2640 0 0 2 92
2641 27 3301 26 3037
2642 13 1911 9 1929
2643 0 0 0 0
2644 0 0 0 0
2645 0 0 0 0
2646 2 142 2 186
2647 0 0 0 0
2648 0 0 0 0
2649 0 0 0 0
2650 0 0 0 0
2651 0 0 0 0
2652 0 0 0 0
2653 0 0 0 0
2654 0 0 0 0
2655 0 0 0 0
2656 0 0 0 0
2657 0 0 0 0
2658 0 0 0 0
2659 0 0 0 0
2660 0 0 0 0
2661 0 0 0 0
2662 0 0 0 0
2663 0 0 0 0
2664 0 0 0 0
2665 0 0 0 0
2666 0 0 0 0
2667 0 0 0 0
2668 0 0 0 0
2669 0 0 0 0
2670 0 0 0 0
2671 7 1713 10 796
2672 0 0 0 0
2673 0 0 0 0
2674 0 0 0 0
2675 0 0 0 0
2676 0 0 0 0
2677 0 0 0 0
2678 0 0 0 0
2679 0 0 0 0
2680 0 0 0 0
2681 0 0 0 0
2682 0 0 0 0
2683 0 0 0 0
2684 0 0 0 0
2685 0 0 0 0
2686 0 0 0 0
2687 0 0 0 0
2688 0 0 0 0
2689 0 0 0 0
2690 0 0 0 0
2691 0 0 0 0
2692 0 0 0 0
2693 0 0 0 0
2694 0 0 0 0
2695 0 0 0 0
2696 0 0 0 0
2697 0 0 0 0
2698 0 0 0 0
2699 0 0 0 0
2700 0 0 0 0
2701 4 850 6 451
2702 0 0 0 0
2703 0 0 0 0
2704 0 0 0 0
2705 0 0 0 0
2706 0 0 0 0
2707 0 0 0 0
2708 0 0 0 0
2709 0 0 0 0
2710 5 1880 8 620
2711 3 864 5 397
2712 0 0 0 0
2713 0 0 0 0
2714 0 0 0 0
2715 0 0 0 0
2716 0 0 0 0
2717 0 0 0 0
2718 0 0 0 0
2719 0 0 0 0
2720 0 0 0 0
2721 0 0 0 0
2722 0 0 0 0
2723 0 0 0 0
2724 3 180 2 104
2725 4 345 4 587
2726 0 0 0 0
2727 0 0 0 0
2728 0 0 0 0
2729 0 0 0 0
2730 0 0 0 0
2731 4 849 6 451
2732 0 0 0 0
2733 0 0 0 0
2734 0 0 0 0
2735 0 0 0 0
2736 9 4695 13 2443
2737 0 0 0 0
2738 0 0 0 0
2739 0 0 0 0
2740 0 0 0 0
2741 0 0 0 0
2742 0 0 0 0
2743 0 0 0 0
2744 0 0 0 0
2745 0 0 0 0
2746 52 7361 47 18269
2747 0 0 0 0
2748 0 0 0 0
2749 0 0 0 0
2750 0 0 0 0
2751 15 4864 50 105281
2752 0 0 0 0
2753 4 3106 4 208
2754 335 38023 347 1419345
2755 214 28772 263 794722
2756 252 55190 331 1478959
2757 30 6502 47 6551
2758 0 0 0 0
2759 52 8248 79 494158
2760 0 0 0 0
2761 0 0 0 0
2762 3 1003 6 524
2763 7 1693 6 33324
2764 25 5840 28 3241
2765 0 0 0 0
2766 3 897 5 405
2767 0 0 0 0
2768 0 0 0 0
2769 14 13014 16 1042
2770 4 1073 6 524
2771 0 0 0 0
2772 0 0 0 0
2773 0 0 0 0
2774 0 0 0 0
2775 0 0 0 0
2776 3 903 5 405
2777 0 0 0 0
2778 0 0 0 0
2779 3 1048 7 615
2780 0 0 0 0
2781 0 0 0 0
2782 31 5965 31 4644
2783 5 299 5 913
2784 11 2033 11 921
2785 0 0 0 0
2786 3 903 5 405
2787 320 42162 402 1828721
2788 277 20094 303 1526308
2789 4 1088 6 531
2790 24 2649 25 159481
2791 33 3143 43 278496
2792 11 4702 16 1199
2793 3 898 5 405
2794 4 894 6 460
2795 0 0 0 0
2796 0 0 0 0
2797 29 24496 34 2263
2798 0 0 1 52
2799 0 0 0 0
2800 0 0 0 0
2801 0 0 0 0
2802 0 0 0 0
2803 3 902 5 405
2804 0 0 0 0
2805 0 0 0 0
2806 0 0 0 0
2807 0 0 0 0
2808 0 0 0 0
2809 0 0 0 0
2810 0 0 0 0
2811 0 0 0 0
2812 0 0 0 0
2813 7 1202 10 782
2814 5 338 4 286
2815 23 3035 23 2236
2816 0 0 0 0
2817 19 5907 26 3899
2818 169 17645 250 1500369
2819 0 0 0 0
2820 0 0 0 0
2821 29 2793 39 242118
2822 11 2332 21 2088
2823 6 2819 8 564
2824 171 11681 288 1816773
2825 0 0 0 0
2826 0 0 0 0
2827 0 0 0 0
2828 12 11089 12 764
2829 2 143 4 418
2830 33 3001 48 318496
2831 0 0 0 0
2832 0 0 0 0
2833 0 0 0 0
2834 3 878 5 405
2835 0 0 0 0
2836 0 0 0 0
2837 0 0 0 0
2838 0 0 0 0
2839 0 0 0 0
2840 207 15419 371 2337899
2841 0 0 0 0
2842 0 0 0 0
2843 0 0 0 0
2844 3 880 5 405
2845 4 286 4 286
2846 2 143 2 143
2847 2 143 2 143
2848 0 0 0 0
2849 0 0 0 0
2850 0 0 0 0
2851 0 0 0 0
2852 2 1130 0 0
2853 2 143 7 574
2854 4 866 6 460
2855 0 0 0 0
2856 251 19828 439 2295368
2857 0 0 0 0
2858 0 0 0 0
2859 0 0 0 0
2860 0 0 0 0
2861 0 0 0 0
2862 0 0 0 0
2863 0 0 0 0
2864 0 0 0 0
2865 0 0 0 0
2866 0 0 0 0
2867 0 0 0 0
2868 0 0 0 0
2869 3 180 2 104
2870 0 0 0 0
2871 84 7060 151 981231
2872 111 5928 217 1382379
2873 2 143 1 91
2874 0 0 0 0
2875 2 143 2 143
2876 0 0 0 0
2877 0 0 0 0
2878 3 180 1 52
2879 0 0 0 0
2880 4 1270 4 247
2881 4 286 6 561
2882 0 0 0 0
2883 0 0 0 0
2884 222 17020 381 2055942
2885 0 0 0 0
2886 86 6223 102 498871
2887 5 260 5 9500
2888 0 0 0 0
2889 0 0 0 0
2890 0 0 0 0
2891 0 0 0 0
2892 0 0 0 0
2893 0 0 0 0
2894 0 0 0 0
2895 0 0 0 0
2896 0 0 0 0
2897 0 0 0 0
2898 0 0 0 0
2899 143 10995 276 1650793
2900 44 4027 73 475304
2901 12 2553 7 4751
2902 3 180 2 92
2903 5 346 4 279
2904 8 2319 9 717
2905 2 143 1 91
2906 0 0 0 0
2907 0 0 0 0
2908 0 0 0 0
2909 0 0 0 0
2910 0 0 0 0
2911 0 0 0 0
2912 0 0 0 0
2913 0 0 0 0
2914 4 866 6 460
2915 208 16536 373 1864726
2916 36 3160 58 381286
2917 0 0 0 0
2918 0 0 0 0
2919 0 0 0 0
2920 0 0 0 0
2921 0 0 0 0
2922 0 0 0 0
2923 0 0 0 0
2924 3 882 5 405
2925 8 542 6 288
2926 9 594 6 300
2927 4 271 3 144
2928 140 10248 251 1588015
2929 0 0 0 0
2930 0 0 0 0
2931 0 0 0 0
2932 0 0 0 0
2933 0 0 0 0
2934 2 143 1 91
2935 0 0 0 0
2936 0 0 0 0
2937 0 0 0 0
2938 5 355 4 364
2939 12 1951 16 86140
2940 2 143 1 91
2941 0 0 0 0
2942 0 0 0 0
2943 0 0 0 0
2944 4 867 6 460
2945 2 143 1 91
2946 0 0 0 0
2947 0 0 0 0
2948 0 0 0 0
2949 0 0 0 0
2950 0 0 0 0
2951 0 0 0 0
2952 0 0 0 0
2953 0 0 0 0
2954 0 0 0 0
2955 0 0 0 0
2956 0 0 0 0
2957 4 271 3 144
2958 3 219 2 104
2959 4 271 3 144
2960 0 0 0 0
2961 0 0 0 0
2962 0 0 0 0
2963 0 0 0 0
2964 3 882 5 405
2965 0 0 0 0
2966 0 0 0 0
2967 5 1775 6 522
2968 0 0 1 52
2969 0 0 0 0
2970 0 0 0 0
2971 0 0 0 0
2972 0 0 0 0
2973 0 0 0 0
2974 4 848 6 460
2975 0 0 0 0
2976 0 0 0 0
2977 0 0 0 0
2978 0 0 0 0
2979 0 0 0 0
2980 0 0 0 0
2981 0 0 0 0
2982 0 0 0 0
2983 0 0 0 0
2984 0 0 0 0
2985 0 0 0 0
2986 0 0 0 0
2987 0 0 0 0
2988 4 271 2 104
2989 0 0 0 0
2990 0 0 0 0
2991 0 0 0 0
2992 2 1129 2 104
2993 10 685 11 758
2994 0 0 0 0
2995 0 0 0 0
2996 0 0 0 0
2997 0 0 0 0
2998 0 0 0 0
2999 0 0 0 0
3000 0 0 0 0
3001 0 0 0 0
3002 0 0 0 0
3003 0 0 0 0
3004 8 1828 11 908
3005 0 0 0 0
3006 0 0 0 0
3007 0 0 0 0
3008 0 0 0 0
3009 0 0 0 0
3010 0 0 0 0
3011 0 0 0 0
3012 0 0 0 0
3013 0 0 0 0
3014 0 0 0 0
3015 0 0 0 0
3016 0 0 0 0
3017 0 0 0 0
3018 0 0 0 0
3019 0 0 0 0
3020 4 1832 0 0
3021 4 247 8 626
3022 0 0 0 0
3023 0 0 0 0
3024 0 0 0 0
3025 4 345 4 587
3026 0 0 0 0
3027 0 0 0 0
3028 0 0 0 0
3029 0 0 0 0
3030 0 0 0 0
3031 0 0 0 0
3032 0 0 0 0
3033 0 0 0 0
3034 6 953 6 460
3035 0 0 0 0
3036 0 0 0 0
3037 0 0 0 0
3038 4 1192 6 522
3039 0 0 0 0
3040 0 0 0 0
3041 0 0 0 0
3042 0 0 0 0
3043 0 0 0 0
3044 3 884 5 405
3045 0 0 0 0
3046 0 0 0 0
3047 0 0 0 0
3048 4 2040 4 208
3049 2 143 5 470
3050 0 0 0 0
3051 0 0 0 0
3052 0 0 0 0
3053 0 0 0 0
3054 0 0 0 0
3055 3 180 2 104
3056 7 4675 7 600
3057 10 634 37 87411
3058 0 0 0 0
3059 0 0 0 0
3060 0 0 0 0
3061 0 0 0 0
3062 0 0 0 0
3063 0 0 0 0
3064 6 954 6 461
3065 0 0 0 0
3066 266 31908 280 1071770
3067 98 11782 101 396960
3068 5 1535 5 785
3069 229 18546 259 1327447
3070 81 6420 109 381895
3071 16 5578 21 1607
3072 0 0 0 0
3073 0 0 0 0
3074 14 2693 16 67689
3075 65 6054 73 341794
3076 22 5020 22 2783
3077 20 19899 21 1302
3078 0 0 0 0
3079 0 0 0 0
3080 0 0 0 0
3081 3 826 5 406
3082 0 0 0 0
3083 0 0 0 0
3084 86 8385 144 525605
3085 0 0 0 0
3086 0 0 0 0
3087 0 0 0 0
3088 0 0 0 0
3089 0 0 0 0
3090 0 0 0 0
3091 3 830 5 406
3092 0 0 0 0
3093 0 0 0 0
3094 30 5638 28 23355
3095 15 2360 15 2335
3096 272 22206 397 1994468
3097 0 0 0 0
3098 0 0 0 0
3099 2 1416 0 0
3100 52 2704 77 494704
3101 0 0 0 0
3102 0 0 0 0
3103 0 0 0 0
3104 0 0 0 0
3105 0 0 0 0
3106 6 951 6 462
3107 0 0 0 0
3108 0 0 0 0
3109 0 0 0 0
3110 0 0 0 0
3111 0 0 0 0
3112 0 0 0 0
3113 0 0 0 0
3114 50 3912 73 499832
3115 0 0 0 0
3116 0 0 0 0
3117 0 0 0 0
3118 0 0 0 0
3119 0 0 0 0
3120 0 0 0 0
3121 0 0 0 0
3122 5 935 5 406
3123 0 0 0 0
3124 0 0 0 0
3125 4 286 4 286
3126 3 195 2 143
3127 0 0 0 0
3128 0 0 0 0
3129 101 8154 180 1330397
3130 0 0 0 0
3131 2 188 1 110
3132 10 2656 7 4681
3133 0 0 0 0
3134 0 0 0 0
3135 0 0 0 0
3136 12 2559 13 1176
3137 0 0 0 0
3138 0 0 0 0
3139 0 0 0 0
3140 0 0 0 0
3141 0 0 0 0
3142 0 0 0 0
3143 0 0 0 0
3144 0 0 0 0
3145 0 0 0 0
3146 0 0 0 0
3147 0 0 0 0
3148 0 0 0 0
3149 0 0 0 0
3150 0 0 0 0
3151 0 0 0 0
3152 0 0 0 0
3153 2 143 2 143
3154 2 143 2 143
3155 2 143 2 143
3156 0 0 0 0
3157 0 0 0 0
3158 0 0 0 0
3159 0 0 0 0
3160 0 0 0 0
3161 0 0 0 0
3162 3 832 5 406
3163 0 0 0 0
3164 0 0 0 0
3165 0 0 0 0
3166 4 831 6 462
3167 0 0 0 0
3168 0 0 0 0
3169 0 0 0 0
3170 0 0 0 0
3171 0 0 0 0
3172 0 0 0 0
3173 0 0 0 0
3174 0 0 0 0
3175 0 0 0 0
3176 0 0 0 0
3177 0 0 0 0
3178 0 0 0 0
3179 0 0 0 0
3180 0 0 0 0
3181 3 180 2 104
3182 0 0 0 0
3183 0 0 0 0
3184 4 286 2 182
3185 2 143 1 91
3186 0 0 0 0
3187 0 0 0 0
3188 0 0 0 0
3189 0 0 0 0
3190 0 0 0 0
3191 0 0 0 0
3192 0 0 0 0
3193 0 0 0 0
3194 0 0 0 0
3195 0 0 0 0
3196 4 832 6 462
3197 0 0 0 0
3198 0 0 0 0
3199 0 0 0 0
3200 0 0 0 0
3201 0 0 0 0
3202 3 832 5 406
3203 0 0 0 0
3204 2 139 2 135
3205 0 0 0 0
3206 0 0 0 0
3207 0 0 0 0
3208 0 0 0 0
3209 3 180 2 104
3210 0 0 0 0
3211 0 0 0 0
3212 2 143 1 91
3213 2 143 1 91
3214 2 143 1 91
3215 0 0 0 0
3216 0 0 0 0
3217 0 0 0 0
3218 0 0 0 0
3219 0 0 0 0
3220 0 0 0 0
3221 0 0 0 0
3222 0 0 0 0
3223 0 0 0 0
3224 0 0 0 0
3225 0 0 0 0
3226 4 833 6 462
3227 0 0 0 0
3228 0 0 0 0
3229 0 0 0 0
3230 0 0 0 0
3231 0 0 0 0
3232 53 8401 59 53748
3233 0 0 0 0
3234 0 0 0 0
3235 0 0 0 0
3236 0 0 0 0
3237 4 271 3 144
3238 11 776 8 626
3239 80 10882 98 366751
3240 273 33640 443 1997834
3241 12 1877 12 6263
3242 11 3014 17 1528
3243 137 8889 283 1900323
3244 7 1712 11 868
3245 12 4710 16 1201
3246 0 0 0 0
3247 38 3278 54 321301
3248 0 0 0 0
3249 4 911 6 462
3250 31 27173 29 1989
3251 160 9745 296 1912724
3252 0 0 0 0
3253 0 0 0 0
3254 3 826 5 406
3255 0 0 0 0
3256 0 0 0 0
3257 47 3747 79 493548
3258 1 52 2 7545
3259 0 0 0 0
3260 0 0 0 0
3261 0 0 0 0
3262 193 13901 352 2022331
3263 0 0 0 0
3264 3 826 5 406
3265 12 1629 11 772
3266 0 0 0 0
3267 0 0 0 0
3268 37 6266 37 5648
3269 0 0 0 0
3270 9 2037 12 973
3271 22 3647 31 18705
3272 19 3105 21 3184
3273 12 6760 12 869
3274 19 6297 19 31383
3275 144 16636 166 611637
3276 106 10108 154 687127
3277 92 10637 101 282127
3278 119 36419 188 948471
3279 0 0 0 0
3280 0 0 0 0
3281 6 2831 8 567
3282 106 6923 216 1329320
3283 33 3009 52 318947
3284 0 0 0 0
3285 6 1684 9 727
3286 0 0 0 0
3287 0 0 0 0
3288 0 0 0 0
3289 0 0 0 0
3290 10 7702 12 834
3291 0 0 0 0
3292 0 0 0 0
3293 50 3894 81 483841
3294 174 10459 333 2056993
3295 3 860 5 407
3296 0 0 0 0
3297 0 0 0 0
3298 17 2880 12 5077
3299 2 143 3 183
3300 2 143 2 143
3301 4 1272 6 522
3302 0 0 0 0
3303 0 0 0 0
3304 0 0 0 0
3305 3 861 5 407
3306 0 0 0 0
3307 0 0 0 0
3308 0 0 0 0
3309 52 4107 78 486805
3310 0 0 0 0
3311 0 0 0 0
3312 0 0 0 0
3313 141 9715 256 1593688
3314 27 4214 50 244405
3315 4 862 6 463
3316 0 0 0 0
3317 0 0 0 0
3318 0 0 0 0
3319 0 0 0 0
3320 0 0 0 0
3321 0 0 0 0
3322 0 0 0 0
3323 47 3739 76 485260
3324 0 0 0 0
3325 4 345 4 587
3326 0 0 0 0
3327 0 0 0 0
3328 2 143 2 143
3329 7 1460 9 717
3330 184 12710 317 1951581
3331 3 860 5 407
3332 0 0 0 0
3333 0 0 0 0
3334 0 0 0 0
3335 5 338 4 286
3336 4 286 4 286
3337 0 0 0 0
3338 49 3843 73 486333
3339 0 0 0 0
3340 0 0 0 0
3341 0 0 0 0
3342 29 1831 29 100719
3343 0 0 0 0
3344 0 0 0 0
3345 4 863 6 463
3346 0 0 0 0
3347 0 0 0 0
3348 0 0 0 0
3349 236 18000 366 1967566
3350 0 0 0 0
3351 0 0 0 0
3352 0 0 0 0
3353 43 3531 63 480479
3354 0 0 0 0
3355 0 0 0 0
3356 4 286 2 182
3357 9 2868 10 1005
3358 2 143 1 91
3359 0 0 0 0
3360 0 0 0 0
3361 0 0 0 0
3362 0 0 0 0
3363 0 0 0 0
3364 0 0 0 0
3365 0 0 0 0
3366 0 0 0 0
3367 0 0 0 0
3368 201 14962 335 2318746
3369 0 0 0 0
3370 0 0 0 0
3371 3 864 5 407
3372 0 0 0 0
3373 0 0 0 0
3374 0 0 0 0
3375 4 866 6 463
3376 0 0 0 0
3377 0 0 0 0
3378 0 0 0 0
3379 0 0 0 0
3380 0 0 0 0
3381 0 0 0 0
3382 0 0 0 0
3383 0 0 0 0
3384 0 0 0 0
3385 0 0 0 0
3386 37 3220 63 498781
3387 2 143 1 91
3388 2 143 1 91
3389 2 143 1 91
3390 3 180 2 104
3391 0 0 0 0
3392 48 3910 95 603860
3393 57 3003 113 728676
3394 4 286 2 182
3395 0 0 0 0
3396 0 0 0 0
3397 0 0 0 0
3398 0 0 0 0
3399 0 0 0 0
3400 2 143 1 91
3401 0 0 0 0
3402 0 0 0 0
3403 0 0 0 0
3404 0 0 0 0
3405 4 867 6 463
3406 0 0 0 0
3407 0 0 0 0
3408 0 0 0 0
3409 0 0 0 0
3410 8 542 6 288
3411 7 1138 7 511
3412 4 271 3 144
3413 0 0 0 0
3414 0 0 0 0
3415 1 329 1 332
3416 0 0 0 0
3417 0 0 0 0
3418 0 0 0 0
3419 0 0 0 0
3420 0 0 0 0
3421 0 0 0 0
3422 0 0 0 0
3423 0 0 0 0
3424 0 0 0 0
3425 0 0 0 0
3426 41 6521 32 11964
3427 0 0 0 0
3428 0 0 0 0
3429 0 0 0 0
3430 0 0 0 0
3431 0 0 0 0
3432 0 0 0 0
3433 0 0 0 0
3434 0 0 0 0
3435 5 927 7 655
3436 0 0 0 0
3437 0 0 0 0
3438 0 0 0 0
3439 0 0 0 0
3440 4 271 3 144
3441 0 0 0 0
3442 8 542 6 288
3443 0 0 0 0
3444 0 0 0 0
3445 0 0 0 0
3446 0 0 0 0
3447 4 271 3 144
3448 8 542 6 288
3449 0 0 0 0
3450 0 0 0 0
3451 3 868 5 407
3452 0 0 0 0
3453 0 0 0 0
3454 0 0 0 0
3455 0 0 0 0
3456 0 0 0 0
3457 0 0 0 0
3458 0 0 0 0
3459 2 143 1 91
3460 0 0 0 0
3461 0 0 0 0
3462 0 0 0 0
3463 0 0 0 0
3464 0 0 0 0
3465 4 848 6 463
3466 0 0 0 0
3467 0 0 0 0
3468 0 0 0 0
3469 0 0 0 0
3470 0 0 0 0
3471 0 0 0 0
3472 0 0 0 0
3473 0 0 0 0
3474 2 136 0 0
3475 2 136 0 0
3476 4 272 0 0
3477 2 136 0 0
3478 2 136 0 0
3479 2 136 0 0
3480 4 180 0 0
3481 2 90 0 0
3482 2 90 0 0
3483 2 90 0 0
3484 2 90 0 0
3485 0 0 0 0
3486 0 0 0 0
3487 0 0 0 0
3488 0 0 0 0
3489 0 0 0 0
3490 0 0 0 0
3491 3 867 5 407
3492 0 0 0 0
3493 0 0 0 0
3494 0 0 0 0
3495 4 847 6 463
3496 0 0 0 0
3497 0 0 0 0
3498 0 0 0 0
3499 0 0 0 0
3500 0 0 0 0
3501 0 0 0 0
3502 0 0 0 0
3503 0 0 0 0
3504 2 139 2 135
3505 0 0 0 0
3506 0 0 0 0
3507 0 0 0 0
3508 3 180 2 104
3509 0 0 0 0
3510 0 0 0 0
3511 0 0 0 0
3512 5 323 3 156
3513 0 0 0 0
3514 5 1896 7 574
3515 0 0 0 0
3516 0 0 0 0
3517 0 0 0 0
3518 0 0 0 0
3519 0 0 0 0
3520 0 0 0 0
3521 0 0 0 0
3522 0 0 0 0
3523 0 0 0 0
3524 0 0 0 0
3525 25 3536 25 18895
3526 0 0 0 0
3527 6 4476 6 312
3528 2 155 6 2037
3529 17 2043 14 7246
3530 0 0 0 0
3531 5 1200 5 407
3532 0 0 0 0
3533 0 0 0 0
3534 0 0 0 0
3535 0 0 0 0
3536 0 0 0 0
3537 47 7022 46 21980
3538 1 60 0 0
3539 1 60 0 0
3540 0 0 0 0
3541 1 60 0 0
3542 4 3511 4 208
3543 6 363 40 108484
3544 0 0 0 0
3545 342 36058 351 1260969
3546 92 16822 98 129996
3547 401 64737 491 2381548
3548 42 6619 66 48173
3549 3 1179 5 399
3550 0 0 0 0
3551 23 7887 27 2178
3552 0 0 0 0
3553 1 60 0 0
3554 5 1001 5 407
3555 12 2091 12 926
3556 30 7299 30 3486
3557 0 0 0 0
3558 3 251 1 60
3559 3 168 4 356
3560 16 2132 12 2358
3561 49 19848 52 4800
3562 0 0 0 0
3563 0 0 0 0
3564 6 1898 10 814
3565 2 142 2 186
3566 162 22009 172 535013
3567 395 40935 435 1863390
3568 22 2310 35 183117
3569 11 3014 18 1586
3570 24 2549 29 181284
3571 0 0 0 0
3572 11 4729 16 1208
3573 0 0 0 0
3574 1 859 1 52
3575 7 1091 11 935
3576 6 1781 9 727
3577 5 2209 7 501
3578 0 0 0 0
3579 0 0 0 0
3580 3 248 2 283
3581 9 2309 6 4508
3582 23 20743 27 1826
3583 3 195 3 195
3584 0 0 0 0
3585 0 0 0 0
3586 3 904 5 407
3587 0 0 0 0
3588 3 195 3 195
3589 3 1033 5 472
3590 0 0 1 52
3591 0 0 0 0
3592 0 0 0 0
3593 0 0 0 0
3594 0 0 0 0
3595 37 6329 36 5568
3596 5 1010 5 407
3597 103 15400 108 185642
3598 428 35301 579 3012782
3599 0 0 0 0
3600 0 0 0 0
3601 31 2903 36 240614
3602 17 2647 21 2096
3603 6 2793 8 567
3604 7 1124 7 550
3605 4 910 6 463
3606 0 0 0 0
3607 181 25540 144 81945
3608 7 1269 9 11283
3609 48 3543 30 2003
3610 29 2799 39 293078
3611 0 0 0 0
3612 0 0 0 0
3613 174 21717 287 1790731
3614 3 884 5 407
3615 0 0 0 0
3616 0 0 0 0
3617 0 0 0 0
3618 0 0 0 0
3619 12 2554 8 4791
3620 0 0 0 0
3621 36 3164 57 409990
3622 0 0 0 0
3623 204 15975 322 1732340
3624 3 885 5 407
3625 24 1733 27 103482
3626 0 0 0 0
3627 2 143 2 143
3628 0 0 0 0
3629 0 0 0 0
3630 0 0 0 0
3631 0 0 0 0
3632 0 0 0 0
3633 148 11947 265 1480812
3634 44 3468 68 259246
3635 43 4186 63 400234
3636 0 0 0 0
3637 0 0 0 0
3638 0 0 0 0
3639 0 0 0 0
3640 0 0 0 0
3641 2 143 1 91
3642 86 7612 161 1091790
3643 117 9332 181 779704
3644 0 0 0 0
3645 0 0 0 0
3646 2 143 1 91
3647 26 4804 23 14889
3648 0 0 0 0
3649 3 885 5 407
3650 0 0 0 0
3651 35 3113 53 404018
3652 5 243 5 2559
3653 0 0 0 0
3654 113 8181 208 1339734
3655 93 7286 150 727278
3656 2 143 2 143
3657 0 0 0 0
3658 0 0 0 0
3659 0 0 0 0
3660 17 952 17 6125
3661 6 360 2 104
3662 2 143 1 91
3663 3 180 1 52
3664 0 0 0 0
3665 42 4137 65 409587
3666 0 0 0 0
3667 168 11517 285 1734695
3668 0 0 0 0
3669 0 0 0 0
3670 0 0 0 0
3671 0 0 0 0
3672 0 0 0 0
3673 0 0 0 0
3674 0 0 0 0
3675 0 0 0 0
3676 0 0 0 0
3677 0 0 0 0
3678 0 0 0 0
3679 252 18833 413 2016194
3680 0 0 0 0
3681 34 3061 51 381249
3682 3 180 1 52
3683 2 143 2 143
3684 2 143 1 91
3685 0 0 0 0
3686 5 323 2 143
3687 0 0 0 0
3688 0 0 0 0
3689 15 2954 14 5238
3690 0 0 0 0
3691 0 0 0 0
3692 0 0 0 0
3693 106 7589 185 1192758
3694 101 7920 144 635146
3695 43 4255 51 273615
3696 0 0 0 0
3697 0 0 0 0
3698 0 0 0 0
3699 0 0 0 0
3700 4 271 3 144
3701 0 0 0 0
3702 0 0 0 0
3703 2 1510 1 52
3704 51 2652 89 681145
3705 0 0 0 0
3706 0 0 0 0
3707 0 0 0 0
3708 0 0 0 0
3709 0 0 0 0
3710 0 0 0 0
3711 0 0 0 0
3712 0 0 0 0
3713 2 182 0 0
3714 3 195 2 182
3715 1 52 1 91
3716 4 271 3 144
3717 0 0 0 0
3718 2 182 0 0
3719 2 104 2 182
3720 0 0 0 0
3721 6 2018 8 862
3722 0 0 0 0
3723 0 0 0 0
3724 0 0 0 0
3725 4 870 6 463
3726 0 0 0 0
3727 0 0 0 0
3728 0 0 0 0
3729 3 884 5 407
3730 0 0 0 0
3731 0 0 0 0
3732 0 0 0 0
3733 0 0 0 0
3734 0 0 0 0
3735 0 0 0 0
3736 5 1276 8 766
3737 0 0 0 0
3738 4 271 3 144
3739 0 0 0 0
3740 4 271 3 144
3741 0 0 0 0
3742 0 0 0 0
3743 0 0 0 0
3744 0 0 0 0
3745 0 0 0 0
3746 0 0 0 0
3747 0 0 0 0
3748 0 0 0 0
3749 4 1270 6 522
3750 0 0 0 0
3751 1 91 0 0
3752 1 52 2 143
3753 0 0 0 0
3754 0 0 0 0
3755 4 851 6 463
3756 0 0 0 0
3757 0 0 0 0
3758 0 0 0 0
3759 0 0 0 0
3760 0 0 0 0
3761 0 0 0 0
3762 0 0 0 0
3763 0 0 0 0
3764 0 0 0 0
3765 0 0 0 0
3766 0 0 0 0
3767 0 0 0 0
3768 12 813 9 432
3769 3 887 5 407
3770 0 0 0 0
3771 0 0 0 0
3772 0 0 0 0
3773 8 542 6 288
3774 0 0 0 0
3775 0 0 0 0
3776 0 0 0 0
3777 5 1317 7 574
3778 0 0 0 0
3779 0 0 0 0
3780 0 0 0 0
3781 0 0 0 0
3782 0 0 0 0
3783 0 0 0 0
3784 0 0 0 0
3785 4 852 6 463
3786 0 0 0 0
3787 0 0 0 0
3788 0 0 0 0
3789 0 0 0 0
3790 0 0 0 0
3791 0 0 0 0
3792 0 0 0 0
3793 0 0 0 0
3794 0 0 0 0
3795 0 0 0 0
3796 0 0 0 0
3797 0 0 0 0
3798 0 0 0 0
3799 0 0 0 0
3800 0 0 0 0
3801 0 0 0 0
3802 0 0 0 0
3803 0 0 0 0
3804 2 139 2 135
3805 0 0 0 0
3806 0 0 0 0
3807 0 0 0 0
3808 0 0 0 0
3809 3 888 5 407
3810 0 0 0 0
3811 2 143 1 91
3812 0 0 0 0
3813 0 0 0 0
3814 0 0 0 0
3815 4 852 6 463
3816 0 0 0 0
3817 0 0 0 0
3818 0 0 0 0
3819 9 4742 7 364
3820 8 479 29 74853
3821 0 0 0 0
3822 0 0 0 0
3823 0 0 0 0
3824 0 0 0 0
3825 0 0 0 0
3826 0 0 0 0
3827 0 0 0 0
3828 0 0 0 0
3829 0 0 0 0
3830 390 45814 404 1546550
3831 283 22619 363 2058820
3832 15 4261 23 1988
3833 0 0 0 0
3834 0 0 0 0
3835 19 7063 24 19140
3836 0 0 0 0
3837 0 0 0 0
3838 36 3200 47 322369
3839 3 821 5 407
3840 179 16241 303 1859566
3841 4 247 5 752
3842 0 0 0 0
3843 0 0 0 0
3844 0 0 0 0
3845 17 17043 19 1198
3846 4 1072 6 524
3847 0 0 0 0
3848 100 8602 161 1057432
3849 6 1704 10 814
3850 0 0 0 0
3851 0 0 0 0
3852 0 0 0 0
3853 0 0 0 0
3854 0 0 0 0
3855 0 0 0 0
3856 0 0 0 0
3857 0 0 0 0
3858 35 6168 33 4209
3859 13 1499 16 2487
3860 7 1907 12 973
3861 4 1077 6 524
3862 0 0 0 0
3863 4 271 3 144
3864 0 0 0 0
3865 0 0 0 0
3866 0 0 0 0
3867 0 0 0 0
3868 0 0 0 0
3869 0 0 0 0
3870 4 851 6 463
3871 0 0 0 0
3872 0 0 0 0
3873 0 0 0 0
3874 3 827 5 407
3875 0 0 0 0
3876 0 0 0 0
3877 3 1040 6 524
3878 0 0 0 0
3879 0 0 0 0
3880 0 0 0 0
3881 0 0 0 0
3882 17 3867 29 5016
3883 0 0 0 0
3884 134 25472 149 315403
3885 50 5338 51 304276
3886 201 20270 225 885663
3887 61 35168 58 6071
3888 42 3915 45 209393
3889 2 143 2 143
3890 11 4153 13 974
3891 0 0 0 0
3892 0 0 0 0
3893 0 0 0 0
3894 4 941 6 463
3895 282 22964 356 1824875
3896 29 2801 41 261676
3897 0 0 0 0
3898 0 0 0 0
3899 12 10056 14 939
3900 3 859 5 407
3901 0 0 0 0
3902 0 0 0 0
3903 0 0 0 0
3904 0 0 0 0
3905 0 0 0 0
3906 0 0 0 0
3907 0 0 0 0
3908 36 3166 55 352440
3909 0 0 0 0
3910 4 930 5 407
3911 0 0 0 0
3912 0 0 0 0
3913 10 2731 6 4397
3914 2 111 2 394
3915 85 5831 145 947780
3916 70 3808 159 1037413
3917 0 0 0 0
3918 2 143 2 143
3919 0 0 0 0
3920 0 0 0 0
3921 0 0 0 0
3922 0 0 0 0
3923 41 3427 56 342986
3924 10 3879 14 1090
3925 7 1205 9 994
3926 0 0 0 0
3927 0 0 0 0
3928 0 0 0 0
3929 0 0 0 0
3930 0 0 0 0
3931 0 0 0 0
3932 11 2460 7 4681
3933 0 0 0 0
3934 0 0 0 0
3935 0 0 0 0
3936 0 0 0 0
3937 0 0 0 0
3938 39 3323 54 353853
3939 239 17327 397 2063066
3940 2 143 2 143
3941 0 0 0 0
3942 0 0 0 0
3943 5 338 4 286
3944 0 0 0 0
3945 13 1835 12 913
3946 6 429 5 377
3947 2 143 1 91
3948 0 0 0 0
3949 0 0 0 0
3950 0 0 0 0
3951 3 180 1 52
3952 0 0 0 0
3953 34 3079 48 344969
3954 6 1006 8 606
3955 0 0 0 0
3956 0 0 0 0
3957 0 0 0 0
3958 0 0 0 0
3959 0 0 0 0
3960 0 0 0 0
3961 0 0 0 0
3962 0 0 0 0
3963 0 0 0 0
3964 3 180 1 52
3965 3 858 5 407
3966 0 0 0 0
3967 0 0 0 0
3968 36 3167 53 343109
3969 148 9671 292 1861177
3970 0 0 0 0
3971 0 0 0 0
3972 0 0 0 0
3973 6 1397 9 915
3974 0 0 0 0
3975 0 0 0 0
3976 0 0 0 0
3977 2 143 1 91
3978 0 0 0 0
3979 0 0 0 0
3980 0 0 0 0
3981 0 0 0 0
3982 0 0 0 0
3983 36 3168 51 349940
3984 4 866 6 463
3985 0 0 0 0
3986 0 0 0 0
3987 0 0 0 0
3988 129 9089 217 1341694
3989 0 0 0 0
3990 0 0 0 0
3991 0 0 0 0
3992 6 449 6 889
3993 0 0 0 0
3994 0 0 0 0
3995 0 0 0 0
3996 0 0 0 0
3997 0 0 0 0
3998 0 0 0 0
3999 2 143 1 91
4000 8 503 5 260
4001 27 8037 15 9182
4002 6 397 7 697
4003 0 0 0 0
4004 4 286 2 182
4005 7 1380 7 589
4006 11 3001 6 4397
4007 2 111 3 434
4008 0 0 0 0
4009 0 0 0 0
4010 0 0 0 0
4011 0 0 0 0
4012 0 0 0 0
4013 0 0 0 0
4014 0 0 0 0
4015 0 0 0 0
4016 0 0 0 0
4017 0 0 0 0
4018 0 0 0 0
4019 0 0 0 0
4020 0 0 0 0
4021 0 0 0 0
4022 0 0 0 0
4023 31 1846 30 65303
4024 4 914 6 463
4025 0 0 0 0
4026 0 0 0 0
4027 0 0 0 0
4028 0 0 0 0
4029 0 0 0 0
4030 0 0 0 0
4031 4 271 3 144
4032 0 0 0 0
4033 0 0 0 0
4034 0 0 0 0
4035 0 0 0 0
4036 0 0 0 0
4037 0 0 0 0
4038 0 0 0 0
4039 0 0 0 0
4040 0 0 0 0
4041 0 0 0 0
4042 0 0 0 0
4043 0 0 0 0
4044 0 0 0 0
4045 4 941 6 599
4046 0 0 0 0
4047 0 0 0 0
4048 0 0 0 0
4049 0 0 0 0
4050 0 0 0 0
4051 2 143 2 143
4052 4 271 3 144
4053 0 0 0 0
4054 4 848 6 463
4055 8 542 6 288
4056 0 0 0 0
4057 13 2150 14 915
4058 4 271 2 104
4059 0 0 0 0
4060 0 0 0 0
4061 0 0 0 0
4062 0 0 0 0
4063 0 0 0 0
4064 0 0 0 0
4065 0 0 0 0
4066 0 0 0 0
4067 0 0 0 0
4068 0 0 0 0
4069 0 0 0 0
4070 0 0 0 0
4071 0 0 0 0
4072 0 0 0 0
4073 0 0 0 0
4074 0 0 0 0
4075 0 0 0 0
4076 0 0 0 0
4077 0 0 0 0
4078 0 0 0 0
4079 0 0 0 0
4080 0 0 0 0
4081 0 0 0 0
4082 2 143 2 143
4083 0 0 0 0
4084 4 848 6 463
4085 9 2233 13 1034
4086 0 0 0 0
4087 0 0 0 0
4088 0 0 0 0
4089 0 0 0 0
4090 0 0 0 0
4091 0 0 0 0
4092 0 0 0 0
4093 0 0 0 0
4094 0 0 0 0
4095 0 0 0 0
4096 0 0 0 0
4097 0 0 0 0
4098 0 0 0 0
4099 0 0 0 0
4100 0 0 0 0
4101 0 0 0 0
4102 0 0 0 0
4103 3 180 2 104
4104 1 87 1 83
4105 0 0 1 52
4106 0 0 0 0
4107 0 0 0 0
4108 0 0 0 0
4109 0 0 0 0
4110 2 143 1 91
4111 0 0 0 0
4112 0 0 0 0
4113 6 2199 8 627
4114 4 848 6 463
4115 0 0 0 0
4116 6 4474 6 312
4117 8 467 31 72460
4118 0 0 0 0
4119 0 0 0 0
4120 0 0 0 0
4121 0 0 0 0
4122 0 0 0 0
4123 0 0 0 0
4124 0 0 0 0
4125 5 965 5 407
4126 0 0 0 0
4127 262 36390 260 888223
4128 431 36018 502 2218519
4129 41 6856 53 213738
4130 0 0 0 0
4131 0 0 0 0
4132 12 4714 16 1209
4133 45 3729 69 478233
4134 4 891 6 463
4135 3 1002 6 524
4136 0 0 0 0
4137 6 1637 9 727
4138 35 19672 33 7508
4139 0 0 0 0
4140 0 0 0 0
4141 2 143 1 91
4142 0 0 0 0
4143 1 876 1 52
4144 8 1746 9 15974
4145 0 0 0 0
4146 0 0 0 0
4147 3 822 5 407
4148 0 0 0 0
4149 0 0 0 0
4150 0 0 0 0
4151 1 893 1 52
4152 3 195 5 472
4153 0 0 0 0
4154 0 0 0 0
4155 11 3164 12 1048
4156 27 3170 25 4654
4157 7 2424 10 804
4158 4 255 6 524
4159 3 251 1 60
4160 135 25685 181 614471
4161 206 18793 336 2091839
4162 17 4224 24 2038
4163 0 0 0 0
4164 4 891 6 463
4165 16 8014 16 1130
4166 7 442 17 1509
4167 0 0 0 0
4168 5 927 5 407
4169 0 0 0 0
4170 21 6340 26 2078
4171 0 0 0 0
4172 0 0 0 0
4173 0 0 0 0
4174 0 0 0 0
4175 10 3107 14 1166
4176 15 14438 15 991
4177 0 0 0 0
4178 4 1606 6 459
4179 2 143 4 355
4180 0 0 0 0
4181 48 11145 69 25552
4182 0 0 0 0
4183 0 0 0 0
4184 0 0 0 0
4185 0 0 0 0
4186 6 3656 6 351
4187 5 323 15 31963
4188 70 12875 89 434586
4189 176 21257 261 1253718
4190 94 38521 89 59783
4191 0 0 0 0
4192 42 7697 50 249538
4193 213 15710 363 1747414
4194 8 2958 8 567
4195 0 0 0 0
4196 0 0 0 0
4197 0 0 0 0
4198 6 1046 6 463
4199 8 1491 11 1000
