458 390
0 0
205 461
153 697
8863 29773
18342 73419
50699 333403
78177 540166
208419 3709943
41269 496957
77266 642999
0 0
0 0
1881 1675
1621 1807
627 406
0 0
0 0
0 0
205 381
0 0
0 0
38431 36405
25251 247827
16257 86086
25719 150897
4861 69230
0 0
22896 210095
5280 31574
0 0
0 0
1184 887
9445 44646
5677 56176
189 137
15436 222350
947 847
0 0
7507 61471
4314 70914
458 390
355 364
0 52
0 0
627 518
0 0
0 0
205 413
0 0
153 365
0 0
0 0
0 0
153 493
189 137
0 0
0 0
0 0
410 810
0 0
0 0
0 0
0 0
1448 1161
422 369
844 634
0 0
0 0
896 739
0 0
205 397
0 0
0 0
0 0
189 137
0 0
0 0
1012 1108
205 397
422 253
0 0
868 1360
205 493
491 454
0 0
0 0
422 474
0 0
0 0
153 253
306 710
0 0
0 0
153 301
764 803
40812 527435
31979 622785
0 0
153 269
0 0
0 0
1407 1465
0 0
0 0
0 0
0 0
0 0
0 0
0 0
0 0
856 811
52 297
205 301
205 477
189 137
0 0
358 1206
0 0
0 0
0 0
0 0
0 0
2374 1272
422 305
1347 827
1058 449
0 0
740 506
0 0
153 541
0 0
0 0
0 0
0 0
189 137
0 0
0 0
627 554
0 0
0 0
0 0
543 746
153 253
0 0
370 253
0 0
153 381
52 153
205 333
0 0
205 365
0 0
0 0
422 253
728 559
0 0
0 0
0 0
0 0
0 0
0 0
0 0
0 0
0 0
458 390
0 0
0 0
0 0
0 0
0 0
0 0
0 0
0 0
205 493
137 52
1448 501
1396 590
1396 759
0 0
0 0
1396 642
153 509
153 253
0 0
0 0
0 0
0 0
0 0
0 0
0 0
0 0
153 301
0 0
0 0
189 137
1122 1328
0 0
0 0
0 0
724 321
0 0
0 0
0 0
0 0
0 0
458 390
205 525
1114 734
0 0
0 0
0 0
0 0
0 0
422 253
7337 11450
491 1083
0 0
153 317
0 0
153 317
692 417
0 0
0 0
0 0
0 0
0 0
153 637
0 0
0 0
0 0
0 0
0 0
0 0
153 493
189 137
0 0
2934 5698
7216 12626
19060 37673
687 1134
0 0
0 0
0 0
153 317
0 0
0 0
458 390
0 0
0 0
0 0
0 0
0 0
0 0
0 0
189 137
0 0
0 0
205 285
0 0
253 237
64 338
0 0
0 0
0 0
0 0
205 285
724 321
0 0
0 0
0 0
0 0
0 0
0 0
0 0
189 137
897 827
527 1068
0 52
459 915
0 0
153 221
153 445
1500 1430
52 169
205 221
0 0
52 169
458 390
0 0
0 0
0 0
0 0
0 0
205 541
189 137
0 0
643 474
0 0
695 679
390 413
205 221
410 1082
153 221
0 0
306 614
0 0
153 221
0 0
52 169
0 0
0 0
0 0
0 0
0 0
189 137
205 493
0 0
0 0
0 0
0 0
0 0
0 0
0 0
0 0
0 0
0 0
0 0
0 0
0 0
458 390
205 333
0 0
459 903
0 0
342 438
205 333
0 0
0 0
0 0
0 0
0 0
60 0
60 0
0 0
60 0
0 0
0 0
0 0
265 413
0 0
0 0
0 0
627 442
153 525
189 137
422 305
60 0
422 305
205 541
153 397
0 0
1673 1708
205 353
896 1155
422 637
0 0
205 541
0 0
422 349
205 365
458 390
0 0
0 0
0 0
189 137
0 0
0 0
908 1108
0 0
0 0
0 0
0 0
0 0
0 0
0 0
0 0
0 0
0 0
205 413
0 0
0 0
0 0
0 0
0 0
189 137
0 0
0 0
0 0
205 493
0 0
205 269
0 0
153 253
0 0
153 349
390 413
0 0
0 0
724 321
776 442
856 1108
510 390
205 201
205 529
189 137
0 0
0 0
205 381
0 0
0 0
0 0
0 0
0 0
0 0
0 0
0 0
0 0
0 0
0 0
0 0
0 0
410 986
306 710
0 0
189 137
0 0
0 0
0 0
0 0
0 0
0 0
0 0
0 0
0 0
0 0
0 0
0 0
0 0
0 0
205 477
0 0
205 333
458 390
0 0
547 751
0 0
0 0
0 0
0 0
0 0
0 0
0 0
0 0
0 0
0 0
205 317
0 0
0 0
0 0
0 0
0 0
0 0
0 0
205 509
189 137
0 0
0 0
0 0
205 317
0 0
0 0
0 0
0 0
0 0
0 0
0 0
0 0
0 0
0 0
0 0
0 0
0 0
0 0
0 0
647 527
0 0
0 0
0 0
205 541
0 0
0 0
205 381
0 0
1256 2376
306 582
511 947
0 0
0 0
0 0
0 0
0 0
0 0
0 0
0 0
579 550
768 1068
0 0
0 0
0 0
0 0
153 733
0 0
0 0
153 253
459 943
0 0
612 1036
0 0
0 0
0 0
0 0
0 0
0 0
459 3477
648 1016
458 406
1126 1342
970 1526
0 0
0 0
153 557
0 0
0 0
0 0
0 0
0 0
0 0
153 253
0 0
0 0
153 349
358 678
0 0
0 0
394 694
1891 2675
0 0
0 0
765 1513
0 0
868 1205
0 0
0 0
0 0
0 0
153 253
0 0
0 0
0 0
153 509
0 0
0 0
0 0
0 0
189 137
0 0
458 406
0 0
0 0
0 0
0 0
0 0
892 558
249 52
249 52
402 401
0 0
249 0
442 924
0 0
0 0
0 0
0 0
563 3493
189 137
0 0
0 0
0 0
0 0
0 0
0 0
205 557
0 0
205 429
0 0
0 0
0 0
0 0
0 0
0 0
0 0
0 0
0 0
306 966
189 189
0 0
205 269
458 338
0 52
0 0
0 0
0 0
0 0
0 0
0 0
0 0
0 0
0 0
0 0
0 0
205 781
0 0
0 0
0 0
189 137
0 0
0 0
0 0
0 0
0 0
0 0
0 0
0 0
0 0
0 0
0 0
0 0
0 0
0 0
2809 5181
4437 10409
1598 4998
7191 15879
2907 7537
189 137
595 826
0 0
0 0
0 0
458 406
0 0
355 364
0 52
0 0
205 733
0 0
0 0
306 1078
0 0
0 0
0 0
0 0
0 0
0 0
189 137
0 0
0 0
1012 1108
1585 2100
0 0
205 845
0 0
0 0
0 0
0 0
0 0
0 0
0 0
0 0
0 0
0 0
0 0
0 0
153 365
189 137
0 0
0 0
0 0
0 0
0 0
458 390
0 0
205 333
0 0
205 333
153 381
153 333
0 0
0 0
153 285
804 1108
52 0
0 0
205 525
189 137
0 0
0 0
0 0
0 0
0 0
0 0
0 0
0 0
0 0
0 0
0 0
0 0
0 0
205 413
0 0
0 0
0 0
0 0
0 0
189 137
358 698
153 621
0 0
0 0
0 0
0 0
458 390
4252 4709
3226 2342
0 0
0 0
0 0
0 0
153 605
458 390
205 269
0 0
0 0
205 269
342 406
205 269
0 0
0 0
0 0
205 877
0 0
205 717
0 0
153 349
0 0
0 0
0 0
459 1283
153 269
0 0
0 0
153 365
0 0
459 3477
189 137
0 0
0 0
0 0
0 0
205 381
205 509
0 0
0 0
0 0
0 0
0 0
0 0
0 0
0 0
0 0
458 390
0 0
0 0
0 0
342 422
205 381
0 0
0 0
0 0
0 0
0 0
0 0
0 0
0 0
0 0
0 0
0 0
0 0
0 0
0 0
0 0
0 0
0 0
0 0
189 137
0 0
0 0
0 0
0 0
0 0
0 0
0 0
0 0
0 0
0 0
0 0
0 0
0 0
0 0
0 0
205 541
253 153
205 237
153 509
189 137
0 0
563 1183
0 0
0 0
0 0
0 0
0 0
0 0
0 0
0 0
0 0
0 0
205 441
0 52
0 0
0 0
0 0
0 0
0 0
189 137
0 0
0 0
0 0
0 0
0 0
305 406
0 0
0 0
0 0
0 0
205 349
0 0
0 0
205 381
0 0
0 0
0 0
0 0
458 390
189 137
0 0
0 0
0 0
0 0
0 0
0 0
0 0
1399 1209
52 169
0 0
0 0
0 0
0 0
0 0
0 0
0 0
0 0
0 0
205 477
189 137
0 0
0 0
205 509
0 0
0 0
0 0
205 445
0 0
306 790
0 0
153 701
0 0
153 333
0 0
0 0
153 541
0 0
0 0
0 0
647 527
205 429
0 0
0 0
0 0
0 0
0 0
0 0
0 0
0 0
0 0
0 0
390 413
0 0
0 0
0 0
0 0
0 0
0 0
0 0
189 137
0 0
0 0
0 0
0 0
0 0
0 0
0 0
0 0
0 0
0 0
0 0
0 0
0 0
0 0
0 0
0 0
0 0
205 349
153 477
189 137
458 390
0 0
0 0
0 0
0 0
0 0
355 364
0 52
0 0
0 0
205 381
0 0
0 0
0 0
0 0
0 0
0 0
0 0
205 589
189 137
0 0
0 0
1012 1108
205 285
205 413
205 541
0 0
0 0
0 0
0 0
0 0
153 541
0 0
0 0
153 365
0 0
0 0
0 0
0 0
394 406
0 0
253 153
205 237
0 0
0 0
0 0
0 0
205 285
0 0
0 0
0 0
0 0
0 0
0 0
0 0
804 811
257 630
0 0
205 525
189 137
0 0
0 0
0 0
0 0
205 349
0 0
0 0
306 1574
153 305
0 0
0 0
0 0
306 554
153 365
153 237
0 0
306 694
153 317
0 0
189 137
0 0
0 0
0 0
522 575
0 0
0 0
0 0
0 0
0 0
0 0
0 0
205 525
0 0
205 493
0 0
0 0
0 0
0 0
0 0
189 137
0 0
205 333
0 0
0 0
0 0
153 333
0 0
153 317
0 0
0 0
153 333
0 0
0 0
0 0
0 0
0 0
0 0
0 0
153 525
137 52
0 0
153 381
0 0
0 0
458 390
0 0
0 0
0 0
0 0
0 0
0 0
0 0
0 0
0 0
0 0
0 0
0 0
0 0
0 0
189 137
0 0
0 0
205 461
0 0
0 0
0 0
0 0
0 0
0 0
0 0
390 413
0 0
0 0
0 0
205 381
0 0
0 0
153 333
0 0
189 137
0 0
0 0
0 0
0 0
13330 96190
36731 155393
15552 22090
2525 3596
142552 2647967
46488 948459
0 0
0 0
0 0
0 0
1046 1052
0 0
0 0
0 0
306 938
189 137
0 0
0 0
205 413
0 0
410 822
0 0
0 0
0 0
0 0
0 0
0 0
0 0
0 0
0 0
0 0
0 0
0 0
459 1043
0 0
189 137
0 0
0 0
0 0
0 0
0 0
305 406
253 153
205 237
0 0
595 666
0 0
0 0
0 0
0 0
0 0
0 0
0 0
0 0
0 0
189 137
205 493
205 317
390 413
1162 992
792 570
740 581
0 0
370 337
1094 976
462 1167
205 349
0 0
205 525
0 0
0 0
0 0
0 0
153 765
153 493
189 137
0 0
410 774
0 0
0 0
0 0
205 349
0 0
0 0
663 835
0 0
0 0
0 0
0 0
205 525
0 0
0 0
0 0
0 0
0 0
189 137
0 0
0 0
0 0
0 0
0 0
0 0
0 0
205 381
0 0
0 0
153 365
0 0
0 0
0 0
0 0
153 413
0 0
0 0
0 0
189 137
0 0
0 0
1552 1032
740 506
740 506
153 253
0 0
0 0
153 413
458 390
0 0
0 0
205 861
205 445
0 0
153 317
0 0
0 0
153 509
189 137
0 0
0 0
205 397
0 0
0 0
0 0
355 364
205 401
205 477
0 0
0 0
0 0
0 0
153 269
390 413
410 730
0 0
3094 1650
51976 321856
14804 57340
0 0
0 0
1012 1108
205 333
796 522
1071 169
38336 564962
55321 1042562
0 0
153 333
458 390
0 0
1592 1547
0 0
0 0
1058 0
338 642
0 0
153 285
394 438
0 0
0 0
0 0
0 0
0 0
615 1155
0 0
358 726
0 0
153 333
0 0
0 0
153 349
0 0
0 0
804 1108
52 0
0 0
205 541
189 137
205 365
0 0
0 0
0 0
0 0
205 749
153 269
0 0
0 0
0 0
0 0
253 153
205 237
205 349
0 0
0 0
0 0
422 369
1854 1916
189 137
0 0
0 0
205 317
0 0
0 0
205 301
0 0
0 0
0 0
0 0
0 0
0 0
0 0
0 0
0 0
205 733
0 0
0 0
0 0
342 454
0 0
0 0
0 0
0 0
205 269
205 413
0 0
0 0
0 0
0 0
0 0
0 0
0 0
458 390
0 0
0 0
0 0
0 0
153 557
342 1126
410 918
0 0
0 0
0 0
0 0
0 0
0 0
0 0
0 0
0 0
0 0
0 0
0 0
0 0
0 0
205 381
422 305
1480 1012
0 0
189 137
0 0
0 0
0 0
0 0
0 0
205 429
0 0
0 0
0 0
0 0
0 0
0 0
0 0
0 0
23170 236629
126749 2399528
152763 3199295
0 0
153 317
189 137
627 470
679 639
0 0
0 0
0 0
0 0
0 0
205 509
0 0
0 0
0 0
0 0
0 0
0 0
0 0
306 890
0 0
0 0
153 493
189 137
0 0
205 525
0 0
0 0
205 541
0 0
0 0
0 0
4344 4610
672 321
2792 1232
306 614
0 0
153 365
511 915
611 723
0 0
410 646
716 1120
189 137
0 0
0 0
0 0
0 0
201 52
848 791
52 169
0 0
0 0
205 317
0 0
0 0
0 0
0 0
153 269
153 349
0 0
153 493
0 0
342 470
0 0
0 0
0 0
0 0
0 0
0 0
0 0
1386 1209
52 169
0 0
0 0
0 0
0 0
0 0
0 0
0 0
253 153
410 714
205 477
189 137
0 0
390 413
0 0
0 0
0 0
0 0
0 0
679 919
0 0
0 0
0 0
0 0
0 0
0 0
205 445
0 0
0 0
0 0
153 477
189 137
0 0
0 0
0 0
0 0
0 0
0 0
205 365
0 0
0 0
0 0
0 0
0 0
0 0
0 0
0 0
0 0
0 0
0 0
458 390
189 137
0 0
205 349
0 0
0 0
0 0
0 0
0 0
153 413
153 717
0 0
612 984
0 52
0 0
0 0
153 365
0 0
0 0
0 0
153 477
189 137
0 0
0 0
205 301
0 0
410 682
459 847
430 305
60 0
0 0
213 365
0 0
0 0
0 0
60 0
0 0
0 0
0 0
0 0
0 0
647 527
0 0
60 0
1113 1809
205 333
0 0
0 0
1621 1603
0 52
1523 2061
474 742
0 0
0 0
0 0
422 349
0 0
0 0
205 509
0 0
0 0
189 137
0 0
0 0
205 381
0 0
0 0
0 0
0 0
205 461
0 0
0 0
0 0
0 0
0 0
0 0
0 0
804 1108
462 906
0 0
358 810
861 458
458 390
0 0
410 502
205 333
0 0
0 0
306 470
0 0
0 0
0 0
0 0
0 0
0 0
0 0
390 413
0 0
0 0
0 0
0 0
189 137
0 0
0 0
0 0
0 0
0 0
0 0
205 349
0 0
0 0
0 0
0 0
0 0
0 0
0 0
0 0
205 701
0 0
0 0
0 0
189 137
0 0
253 153
205 237
0 0
0 0
0 0
0 0
153 317
0 0
0 0
0 0
153 349
0 0
0 0
0 0
0 0
0 0
0 0
153 477
189 137
0 0
0 0
0 0
0 0
0 0
0 0
0 0
0 0
0 0
0 0
0 0
0 0
0 0
410 546
205 305
0 0
0 0
306 774
0 0
189 137
0 0
0 0
205 525
458 390
30251 317639
141034 2681843
61919 1250914
0 0
0 0
0 0
679 639
679 639
0 0
0 0
0 0
0 0
0 0
0 0
5985 21285
98394 1858002
7202 72584
0 0
0 0
0 0
575 518
848 739
0 0
869 1493
0 0
876 1130
876 1130
0 0
0 0
953 1244
921 1161
153 333
459 771
0 0
459 3477
189 137
0 0
0 0
442 502
0 0
1327 2563
153 253
0 0
153 605
0 0
0 0
0 0
0 0
0 0
153 445
0 0
459 767
612 924
459 639
153 461
342 390
0 0
0 0
0 0
0 0
0 0
627 422
52 221
205 285
205 413
153 509
0 0
0 0
0 0
0 0
0 0
0 0
0 0
0 0
0 0
189 137
0 0
205 249
0 52
0 0
0 0
458 390
0 0
1448 1874
52 273
0 0
0 0
0 0
0 0
0 0
768 1052
615 883
0 0
0 0
563 3445
189 137
0 0
205 573
0 0
0 0
0 0
0 0
0 0
0 0
0 0
800 1111
560 1180
458 390
0 0
205 461
153 697
8863 29773
18342 73419
50699 333403
78177 540166
208419 3709943
41269 496957
77266 642999
0 0
0 0
1881 1675
1621 1807
627 406
0 0
0 0
0 0
205 381
0 0
0 0
38431 36405
25251 247827
16257 86086
25719 150897
4861 69230
0 0
22896 210095
5280 31574
0 0
0 0
1184 887
9445 44646
5677 56176
189 137
15436 222350
947 847
0 0
7507 61471
4314 70914
458 390
355 364
0 52
0 0
627 518
0 0
0 0
205 413
0 0
153 365
0 0
0 0
0 0
153 493
189 137
0 0
0 0
0 0
410 810
0 0
0 0
0 0
0 0
1448 1161
422 369
844 634
0 0
0 0
896 739
0 0
205 397
0 0
0 0
0 0
189 137
0 0
0 0
1012 1108
205 397
422 253
0 0
868 1360
205 493
491 454
0 0
0 0
422 474
0 0
0 0
153 253
306 710
0 0
0 0
153 301
764 803
40812 527435
31979 622785
0 0
153 269
0 0
0 0
1407 1465
0 0
0 0
0 0
0 0
0 0
0 0
0 0
0 0
856 811
52 297
205 301
205 477
189 137
0 0
358 1206
0 0
0 0
0 0
0 0
0 0
2374 1272
422 305
1347 827
1058 449
0 0
740 506
0 0
153 541
0 0
0 0
0 0
0 0
189 137
0 0
0 0
627 554
0 0
0 0
0 0
543 746
153 253
0 0
370 253
0 0
153 381
52 153
205 333
0 0
205 365
0 0
0 0
422 253
728 559
0 0
0 0
0 0
0 0
0 0
0 0
0 0
0 0
0 0
458 390
0 0
0 0
0 0
0 0
0 0
0 0
0 0
0 0
205 493
137 52
1448 501
1396 590
1396 759
0 0
0 0
1396 642
153 509
153 253
0 0
0 0
0 0
0 0
0 0
0 0
0 0
0 0
153 301
0 0
0 0
189 137
1122 1328
0 0
0 0
0 0
724 321
0 0
0 0
0 0
0 0
0 0
458 390
205 525
1114 734
0 0
0 0
0 0
0 0
0 0
422 253
7337 11450
491 1083
0 0
153 317
0 0
153 317
692 417
0 0
0 0
0 0
0 0
0 0
153 637
0 0
0 0
0 0
0 0
0 0
0 0
153 493
189 137
0 0
2934 5698
7216 12626
19060 37673
687 1134
0 0
0 0
0 0
153 317
0 0
0 0
458 390
0 0
0 0
0 0
0 0
0 0
0 0
0 0
189 137
0 0
0 0
205 285
0 0
253 237
64 338
0 0
0 0
0 0
0 0
205 285
724 321
0 0
0 0
0 0
0 0
0 0
0 0
0 0
189 137
897 827
527 1068
0 52
459 915
0 0
153 221
153 445
1500 1430
52 169
205 221
0 0
52 169
458 390
0 0
0 0
0 0
0 0
0 0
205 541
189 137
0 0
643 474
0 0
695 679
390 413
205 221
410 1082
153 221
0 0
306 614
0 0
153 221
0 0
52 169
0 0
0 0
0 0
0 0
0 0
189 137
205 493
0 0
0 0
0 0
0 0
0 0
0 0
0 0
0 0
0 0
0 0
0 0
0 0
0 0
458 390
205 333
0 0
459 903
0 0
342 438
205 333
0 0
0 0
0 0
0 0
0 0
60 0
60 0
0 0
60 0
0 0
0 0
0 0
265 413
0 0
0 0
0 0
627 442
153 525
189 137
422 305
60 0
422 305
205 541
153 397
0 0
1673 1708
205 353
896 1155
422 637
0 0
205 541
0 0
422 349
205 365
458 390
0 0
0 0
0 0
189 137
0 0
0 0
908 1108
0 0
0 0
0 0
0 0
0 0
0 0
0 0
0 0
0 0
0 0
205 413
0 0
0 0
0 0
0 0
0 0
189 137
0 0
0 0
0 0
205 493
0 0
205 269
0 0
153 253
0 0
153 349
390 413
0 0
0 0
724 321
776 442
856 1108
510 390
205 201
205 529
189 137
0 0
0 0
205 381
0 0
0 0
0 0
0 0
0 0
0 0
0 0
0 0
0 0
0 0
0 0
0 0
0 0
410 986
306 710
0 0
189 137
0 0
0 0
0 0
0 0
0 0
0 0
0 0
0 0
0 0
0 0
0 0
0 0
0 0
0 0
205 477
0 0
205 333
458 390
0 0
547 751
0 0
0 0
0 0
0 0
0 0
0 0
0 0
0 0
0 0
0 0
205 317
0 0
0 0
0 0
0 0
0 0
0 0
0 0
205 509
189 137
0 0
0 0
0 0
205 317
0 0
0 0
0 0
0 0
0 0
0 0
0 0
0 0
0 0
0 0
0 0
0 0
0 0
0 0
0 0
647 527
0 0
0 0
0 0
205 541
0 0
0 0
205 381
0 0
1256 2376
306 582
511 947
0 0
0 0
0 0
0 0
0 0
0 0
0 0
0 0
579 550
768 1068
0 0
0 0
0 0
0 0
153 733
0 0
0 0
153 253
459 943
0 0
612 1036
0 0
0 0
0 0
0 0
0 0
0 0
459 3477
648 1016
458 406
1126 1342
970 1526
0 0
0 0
153 557
0 0
0 0
0 0
0 0
0 0
0 0
153 253
0 0
0 0
153 349
358 678
0 0
0 0
394 694
1891 2675
0 0
0 0
765 1513
0 0
868 1205
0 0
0 0
0 0
0 0
153 253
0 0
0 0
0 0
153 509
0 0
0 0
0 0
0 0
189 137
0 0
458 406
0 0
0 0
0 0
0 0
0 0
892 558
249 52
249 52
402 401
0 0
249 0
442 924
0 0
0 0
0 0
0 0
563 3493
189 137
0 0
0 0
0 0
0 0
0 0
0 0
205 557
0 0
205 429
0 0
0 0
0 0
0 0
0 0
0 0
0 0
0 0
0 0
306 966
189 189
0 0
205 269
458 338
0 52
0 0
0 0
0 0
0 0
0 0
0 0
0 0
0 0
0 0
0 0
0 0
205 781
0 0
0 0
0 0
189 137
0 0
0 0
0 0
0 0
0 0
0 0
0 0
0 0
0 0
0 0
0 0
0 0
0 0
0 0
2809 5181
4437 10409
1598 4998
7191 15879
2907 7537
189 137
595 826
0 0
0 0
0 0
458 406
0 0
355 364
0 52
0 0
205 733
0 0
0 0
306 1078
0 0
0 0
0 0
0 0
0 0
0 0
189 137
0 0
0 0
1012 1108
1585 2100
0 0
205 845
0 0
0 0
0 0
0 0
0 0
0 0
0 0
0 0
0 0
0 0
0 0
0 0
153 365
189 137
0 0
0 0
0 0
0 0
0 0
458 390
0 0
205 333
0 0
205 333
153 381
153 333
0 0
0 0
153 285
804 1108
52 0
0 0
205 525
189 137
0 0
0 0
0 0
0 0
0 0
0 0
0 0
0 0
0 0
0 0
0 0
0 0
0 0
205 413
0 0
0 0
0 0
0 0
0 0
189 137
358 698
153 621
0 0
0 0
0 0
0 0
458 390
4252 4709
3226 2342
0 0
0 0
0 0
0 0
153 605
458 390
205 269
0 0
0 0
205 269
342 406
205 269
0 0
0 0
0 0
205 877
0 0
205 717
0 0
153 349
0 0
0 0
0 0
459 1283
153 269
0 0
0 0
153 365
0 0
459 3477
189 137
0 0
0 0
0 0
0 0
205 381
205 509
0 0
0 0
0 0
0 0
0 0
0 0
0 0
0 0
0 0
458 390
0 0
0 0
0 0
342 422
205 381
0 0
0 0
0 0
0 0
0 0
0 0
0 0
0 0
0 0
0 0
0 0
0 0
0 0
0 0
0 0
0 0
0 0
0 0
189 137
0 0
0 0
0 0
0 0
0 0
0 0
0 0
0 0
0 0
0 0
0 0
0 0
0 0
0 0
0 0
205 541
253 153
205 237
153 509
189 137
0 0
563 1183
0 0
0 0
0 0
0 0
0 0
0 0
0 0
0 0
0 0
0 0
205 441
0 52
0 0
0 0
0 0
0 0
0 0
189 137
0 0
0 0
0 0
0 0
0 0
305 406
0 0
0 0
0 0
0 0
205 349
0 0
0 0
205 381
0 0
0 0
0 0
0 0
458 390
189 137
0 0
0 0
0 0
0 0
0 0
0 0
0 0
1399 1209
52 169
0 0
0 0
0 0
0 0
0 0
0 0
0 0
0 0
0 0
205 477
189 137
0 0
0 0
205 509
0 0
0 0
0 0
205 445
0 0
306 790
0 0
153 701
0 0
153 333
0 0
0 0
153 541
0 0
0 0
0 0
647 527
205 429
0 0
0 0
0 0
0 0
0 0
0 0
0 0
0 0
0 0
0 0
390 413
0 0
0 0
0 0
0 0
0 0
0 0
0 0
189 137
0 0
0 0
0 0
0 0
0 0
0 0
0 0
0 0
0 0
0 0
0 0
0 0
0 0
0 0
0 0
0 0
0 0
205 349
153 477
189 137
458 390
0 0
0 0
0 0
0 0
0 0
355 364
0 52
0 0
0 0
205 381
0 0
0 0
0 0
0 0
0 0
0 0
0 0
205 589
189 137
0 0
0 0
1012 1108
205 285
205 413
205 541
0 0
0 0
0 0
0 0
0 0
153 541
0 0
0 0
153 365
0 0
0 0
0 0
0 0
394 406
0 0
253 153
205 237
0 0
0 0
0 0
0 0
205 285
0 0
0 0
0 0
0 0
0 0
0 0
0 0
804 811
257 630
0 0
205 525
189 137
0 0
0 0
0 0
0 0
205 349
0 0
0 0
306 1574
153 305
0 0
0 0
0 0
306 554
153 365
153 237
0 0
306 694
153 317
0 0
189 137
0 0
0 0
0 0
522 575
0 0
0 0
0 0
0 0
0 0
0 0
0 0
205 525
0 0
205 493
0 0
0 0
0 0
0 0
0 0
189 137
0 0
205 333
0 0
0 0
0 0
153 333
0 0
153 317
0 0
0 0
153 333
0 0
0 0
0 0
0 0
0 0
0 0
0 0
153 525
137 52
0 0
153 381
0 0
0 0
458 390
0 0
0 0
0 0
0 0
0 0
0 0
0 0
0 0
0 0
0 0
0 0
0 0
0 0
0 0
189 137
0 0
0 0
205 461
0 0
0 0
0 0
0 0
0 0
0 0
0 0
390 413
0 0
0 0
0 0
205 381
0 0
0 0
153 333
0 0
189 137
0 0
0 0
0 0
0 0
13330 96190
36731 155393
15552 22090
2525 3596
142552 2647967
46488 948459
0 0
0 0
0 0
0 0
1046 1052
0 0
0 0
0 0
306 938
189 137
0 0
0 0
205 413
0 0
410 822
0 0
0 0
0 0
0 0
0 0
0 0
0 0
0 0
0 0
0 0
0 0
0 0
459 1043
0 0
189 137
0 0
0 0
0 0
0 0
0 0
305 406
253 153
205 237
0 0
595 666
0 0
0 0
0 0
0 0
0 0
0 0
0 0
0 0
0 0
189 137
205 493
205 317
390 413
1162 992
792 570
740 581
0 0
370 337
1094 976
462 1167
205 349
0 0
205 525
0 0
0 0
0 0
0 0
153 765
153 493
189 137
0 0
410 774
0 0
0 0
0 0
205 349
0 0
0 0
663 835
0 0
0 0
0 0
0 0
205 525
0 0
0 0
0 0
0 0
0 0
189 137
0 0
0 0
0 0
0 0
0 0
0 0
0 0
205 381
0 0
0 0
153 365
0 0
0 0
0 0
0 0
153 413
0 0
0 0
0 0
189 137
0 0
0 0
1552 1032
740 506
740 506
153 253
0 0
0 0
153 413
458 390
0 0
0 0
205 861
205 445
0 0
153 317
0 0
0 0
153 509
189 137
0 0
0 0
205 397
0 0
0 0
0 0
355 364
205 401
205 477
0 0
0 0
0 0
0 0
153 269
390 413
410 730
0 0
3094 1650
51976 321856
14804 57340
0 0
0 0
1012 1108
205 333
796 522
1071 169
38336 564962
55321 1042562
0 0
153 333
458 390
0 0
1592 1547
0 0
0 0
1058 0
338 642
0 0
153 285
394 438
0 0
0 0
0 0
0 0
0 0
615 1155
0 0
358 726
0 0
153 333
0 0
0 0
153 349
0 0
0 0
804 1108
52 0
0 0
205 541
189 137
205 365
0 0
0 0
0 0
0 0
205 749
153 269
0 0
0 0
0 0
0 0
253 153
205 237
205 349
0 0
0 0
0 0
422 369
1854 1916
189 137
0 0
0 0
205 317
0 0
0 0
205 301
0 0
0 0
0 0
0 0
0 0
0 0
0 0
0 0
0 0
205 733
0 0
0 0
0 0
342 454
0 0
0 0
0 0
0 0
205 269
205 413
0 0
0 0
0 0
0 0
0 0
0 0
0 0
458 390
0 0
0 0
0 0
0 0
153 557
342 1126
410 918
0 0
0 0
0 0
0 0
0 0
0 0
0 0
0 0
0 0
0 0
0 0
0 0
0 0
0 0
205 381
422 305
1480 1012
0 0
189 137
0 0
0 0
0 0
0 0
0 0
205 429
0 0
0 0
0 0
0 0
0 0
0 0
0 0
0 0
23170 236629
126749 2399528
152763 3199295
0 0
153 317
189 137
627 470
679 639
0 0
0 0
0 0
0 0
0 0
205 509
0 0
0 0
0 0
0 0
0 0
0 0
0 0
306 890
0 0
0 0
153 493
189 137
0 0
205 525
0 0
0 0
205 541
0 0
0 0
0 0
4344 4610
672 321
2792 1232
306 614
0 0
153 365
511 915
611 723
0 0
410 646
716 1120
189 137
0 0
0 0
0 0
0 0
201 52
848 791
52 169
0 0
0 0
205 317
0 0
0 0
0 0
0 0
153 269
153 349
0 0
153 493
0 0
342 470
0 0
0 0
0 0
0 0
0 0
0 0
0 0
1386 1209
52 169
0 0
0 0
0 0
0 0
0 0
0 0
0 0
253 153
410 714
205 477
189 137
0 0
390 413
0 0
0 0
0 0
0 0
0 0
679 919
0 0
0 0
0 0
0 0
0 0
0 0
205 445
0 0
0 0
0 0
153 477
189 137
0 0
0 0
0 0
0 0
0 0
0 0
205 365
0 0
0 0
0 0
0 0
0 0
0 0
0 0
0 0
0 0
0 0
0 0
458 390
189 137
0 0
205 349
0 0
0 0
0 0
0 0
0 0
153 413
153 717
0 0
612 984
0 52
0 0
0 0
153 365
0 0
0 0
0 0
153 477
189 137
0 0
0 0
205 301
0 0
410 682
459 847
430 305
60 0
0 0
213 365
0 0
0 0
0 0
60 0
0 0
0 0
0 0
0 0
0 0
647 527
0 0
60 0
1113 1809
205 333
0 0
0 0
1621 1603
0 52
1523 2061
474 742
0 0
0 0
0 0
422 349
0 0
0 0
205 509
0 0
0 0
189 137
0 0
0 0
205 381
0 0
0 0
0 0
0 0
205 461
0 0
0 0
0 0
0 0
0 0
0 0
0 0
804 1108
462 906
0 0
358 810
861 458
458 390
0 0
410 502
205 333
0 0
0 0
306 470
0 0
0 0
0 0
0 0
0 0
0 0
0 0
390 413
0 0
0 0
0 0
0 0
189 137
0 0
0 0
0 0
0 0
0 0
0 0
205 349
0 0
0 0
0 0
0 0
0 0
0 0
0 0
0 0
205 701
0 0
0 0
0 0
189 137
0 0
253 153
205 237
0 0
0 0
0 0
0 0
153 317
0 0
0 0
0 0
153 349
0 0
0 0
0 0
0 0
0 0
0 0
153 477
189 137
0 0
0 0
0 0
0 0
0 0
0 0
0 0
0 0
0 0
0 0
0 0
0 0
0 0
410 546
205 305
0 0
0 0
306 774
0 0
189 137
0 0
0 0
205 525
458 390
30251 317639
141034 2681843
61919 1250914
0 0
0 0
0 0
679 639
679 639
0 0
0 0
0 0
0 0
0 0
0 0
5985 21285
98394 1858002
7202 72584
0 0
0 0
0 0
575 518
848 739
0 0
869 1493
0 0
876 1130
876 1130
0 0
0 0
953 1244
921 1161
153 333
459 771
0 0
459 3477
189 137
0 0
0 0
442 502
0 0
1327 2563
153 253
0 0
153 605
0 0
0 0
0 0
0 0
0 0
153 445
0 0
459 767
612 924
459 639
153 461
342 390
0 0
0 0
0 0
0 0
0 0
627 422
52 221
205 285
205 413
153 509
0 0
0 0
0 0
0 0
0 0
0 0
0 0
0 0
0 0
189 137
0 0
205 249
0 52
0 0
0 0
458 390
0 0
1448 1874
52 273
0 0
0 0
0 0
0 0
0 0
768 1052
615 883
0 0
0 0
563 3445
189 137
0 0
205 573
0 0
0 0
0 0
0 0
0 0
0 0
0 0
800 1111
560 1180
458 390
0 0
205 461
153 697
8863 29773
18342 73419
50699 333403
78177 540166
208419 3709943
41269 496957
77266 642999
0 0
0 0
1881 1675
1621 1807
627 406
0 0
0 0
0 0
205 381
0 0
0 0
38431 36405
25251 247827
16257 86086
25719 150897
4861 69230
0 0
22896 210095
5280 31574
0 0
0 0
1184 887
9445 44646
5677 56176
189 137
15436 222350
947 847
0 0
7507 61471
4314 70914
458 390
355 364
0 52
0 0
627 518
0 0
0 0
205 413
0 0
153 365
0 0
0 0
0 0
153 493
189 137
0 0
0 0
0 0
410 810
0 0
0 0
0 0
0 0
1448 1161
422 369
844 634
0 0
0 0
896 739
0 0
205 397
0 0
0 0
0 0
189 137
0 0
0 0
1012 1108
205 397
422 253
0 0
868 1360
205 493
491 454
0 0
0 0
422 474
0 0
0 0
153 253
306 710
0 0
0 0
153 301
764 803
40812 527435
31979 622785
0 0
153 269
0 0
0 0
1407 1465
0 0
0 0
0 0
0 0
0 0
0 0
0 0
0 0
856 811
52 297
205 301
205 477
189 137
0 0
358 1206
0 0
0 0
0 0
0 0
0 0
2374 1272
422 305
1347 827
1058 449
0 0
740 506
0 0
153 541
0 0
0 0
0 0
0 0
189 137
0 0
0 0
627 554
0 0
0 0
0 0
543 746
153 253
0 0
370 253
0 0
153 381
52 153
205 333
0 0
205 365
0 0
0 0
422 253
728 559
0 0
0 0
0 0
0 0
0 0
0 0
0 0
0 0
0 0
458 390
0 0
0 0
0 0
0 0
0 0
0 0
0 0
0 0
205 493
137 52
1448 501
1396 590
1396 759
0 0
0 0
1396 642
153 509
153 253
0 0
0 0
0 0
0 0
0 0
0 0
0 0
0 0
153 301
0 0
0 0
189 137
1122 1328
0 0
0 0
0 0
724 321
0 0
0 0
0 0
0 0
0 0
458 390
205 525
1114 734
0 0
0 0
0 0
0 0
0 0
422 253
7337 11450
491 1083
0 0
153 317
0 0
153 317
692 417
0 0
0 0
0 0
0 0
0 0
153 637
0 0
0 0
0 0
0 0
0 0
0 0
153 493
189 137
0 0
2934 5698
7216 12626
19060 37673
687 1134
0 0
0 0
0 0
153 317
0 0
0 0
458 390
0 0
0 0
0 0
0 0
0 0
0 0
0 0
189 137
0 0
0 0
205 285
0 0
253 237
64 338
0 0
0 0
0 0
0 0
205 285
724 321
0 0
0 0
0 0
0 0
0 0
0 0
0 0
189 137
897 827
527 1068
0 52
459 915
0 0
153 221
153 445
1500 1430
52 169
205 221
0 0
52 169
458 390
0 0
0 0
0 0
0 0
0 0
205 541
189 137
0 0
643 474
0 0
695 679
390 413
205 221
410 1082
153 221
0 0
306 614
0 0
153 221
0 0
52 169
0 0
0 0
0 0
0 0
0 0
189 137
205 493
0 0
0 0
0 0
0 0
0 0
0 0
0 0
0 0
0 0
0 0
0 0
0 0
0 0
458 390
205 333
0 0
459 903
0 0
342 438
205 333
0 0
0 0
0 0
0 0
0 0
60 0
60 0
0 0
60 0
0 0
0 0
0 0
265 413
0 0
0 0
0 0
627 442
153 525
189 137
422 305
60 0
422 305
205 541
153 397
0 0
1673 1708
205 353
896 1155
422 637
0 0
205 541
0 0
422 349
205 365
458 390
0 0
0 0
0 0
189 137
0 0
0 0
908 1108
0 0
0 0
0 0
0 0
0 0
0 0
0 0
0 0
0 0
0 0
205 413
0 0
0 0
0 0
0 0
0 0
189 137
0 0
0 0
0 0
205 493
0 0
205 269
0 0
153 253
0 0
153 349
390 413
0 0
0 0
724 321
776 442
856 1108
510 390
205 201
205 529
189 137
0 0
0 0
205 381
0 0
0 0
0 0
0 0
0 0
0 0
0 0
0 0
0 0
0 0
0 0
0 0
0 0
410 986
306 710
0 0
189 137
0 0
0 0
0 0
0 0
0 0
0 0
0 0
0 0
0 0
0 0
0 0
0 0
0 0
0 0
205 477
0 0
205 333
458 390
0 0
547 751
0 0
0 0
0 0
0 0
0 0
0 0
0 0
0 0
0 0
0 0
205 317
0 0
0 0
0 0
0 0
0 0
0 0
0 0
205 509
189 137
0 0
0 0
0 0
205 317
0 0
0 0
0 0
0 0
0 0
0 0
0 0
0 0
0 0
0 0
0 0
0 0
0 0
0 0
0 0
647 527
0 0
0 0
0 0
205 541
0 0
0 0
205 381
0 0
1256 2376
306 582
511 947
0 0
0 0
0 0
0 0
0 0
0 0
0 0
0 0
579 550
768 1068
0 0
0 0
0 0
0 0
153 733
0 0
0 0
153 253
459 943
0 0
612 1036
0 0
0 0
0 0
0 0
0 0
0 0
459 3477
648 1016
458 406
1126 1342
970 1526
0 0
0 0
153 557
0 0
0 0
0 0
0 0
0 0
0 0
153 253
0 0
0 0
153 349
358 678
0 0
0 0
394 694
1891 2675
0 0
0 0
765 1513
0 0
868 1205
0 0
0 0
0 0
0 0
153 253
0 0
0 0
0 0
153 509
0 0
0 0
0 0
0 0
189 137
0 0
458 406
0 0
0 0
0 0
0 0
0 0
892 558
249 52
249 52
402 401
0 0
249 0
442 924
0 0
0 0
0 0
0 0
563 3493
189 137
0 0
0 0
0 0
0 0
0 0
0 0
205 557
0 0
205 429
0 0
0 0
0 0
0 0
0 0
0 0
0 0
0 0
0 0
306 966
189 189
0 0
205 269
458 338
0 52
0 0
0 0
0 0
0 0
0 0
0 0
0 0
0 0
0 0
0 0
0 0
205 781
0 0
0 0
0 0
189 137
0 0
0 0
0 0
0 0
0 0
0 0
0 0
0 0
0 0
0 0
0 0
0 0
0 0
0 0
2809 5181
4437 10409
1598 4998
7191 15879
2907 7537
189 137
595 826
0 0
0 0
0 0
458 406
0 0
355 364
0 52
0 0
205 733
0 0
0 0
306 1078
0 0
0 0
0 0
0 0
0 0
0 0
189 137
0 0
0 0
1012 1108
1585 2100
0 0
205 845
0 0
0 0
0 0
0 0
0 0
0 0
0 0
0 0
0 0
0 0
0 0
0 0
153 365
189 137
0 0
0 0
0 0
0 0
0 0
458 390
0 0
205 333
0 0
205 333
153 381
153 333
0 0
0 0
153 285
804 1108
52 0
0 0
205 525
189 137
0 0
0 0
0 0
0 0
0 0
0 0
0 0
0 0
0 0
0 0
0 0
0 0
0 0
205 413
0 0
0 0
0 0
0 0
0 0
189 137
358 698
153 621
0 0
0 0
0 0
0 0
458 390
4252 4709
3226 2342
0 0
0 0
0 0
0 0
153 605
458 390
205 269
0 0
0 0
205 269
342 406
205 269
0 0
0 0
0 0
205 877
0 0
205 717
0 0
153 349
0 0
0 0
0 0
459 1283
153 269
0 0
0 0
153 365
0 0
459 3477
189 137
0 0
0 0
0 0
0 0
205 381
205 509
0 0
0 0
0 0
0 0
0 0
0 0
0 0
0 0
0 0
458 390
0 0
0 0
0 0
342 422
205 381
0 0
0 0
0 0
0 0
0 0
0 0
0 0
0 0
0 0
0 0
0 0
0 0
0 0
0 0
0 0
0 0
0 0
0 0
189 137
0 0
0 0
0 0
0 0
0 0
0 0
0 0
0 0
0 0
0 0
0 0
0 0
0 0
0 0
0 0
205 541
253 153
205 237
153 509
189 137
0 0
563 1183
0 0
0 0
0 0
0 0
0 0
0 0
0 0
0 0
0 0
0 0
205 441
0 52
0 0
0 0
0 0
0 0
0 0
189 137
0 0
0 0
0 0
0 0
0 0
305 406
0 0
0 0
0 0
0 0
205 349
0 0
0 0
205 381
0 0
0 0
0 0
0 0
458 390
189 137
0 0
0 0
0 0
0 0
0 0
0 0
0 0
1399 1209
52 169
0 0
0 0
0 0
0 0
0 0
0 0
0 0
0 0
0 0
205 477
189 137
0 0
0 0
205 509
0 0
0 0
0 0
205 445
0 0
306 790
0 0
153 701
0 0
153 333
0 0
0 0
153 541
0 0
0 0
0 0
647 527
205 429
0 0
0 0
0 0
0 0
0 0
0 0
0 0
0 0
0 0
0 0
390 413
0 0
0 0
0 0
0 0
0 0
0 0
0 0
189 137
0 0
0 0
0 0
0 0
0 0
0 0
0 0
0 0
0 0
0 0
0 0
0 0
0 0
0 0
0 0
0 0
0 0
205 349
153 477
189 137
458 390
0 0
0 0
0 0
0 0
0 0
355 364
0 52
0 0
0 0
205 381
0 0
0 0
0 0
0 0
0 0
0 0
0 0
205 589
189 137
0 0
0 0
1012 1108
205 285
205 413
205 541
0 0
0 0
0 0
0 0
0 0
153 541
0 0
0 0
153 365
0 0
0 0
0 0
0 0
394 406
0 0
253 153
205 237
0 0
0 0
0 0
0 0
205 285
0 0
0 0
0 0
0 0
0 0
0 0
0 0
804 811
257 630
0 0
205 525
189 137
0 0
0 0
0 0
0 0
205 349
0 0
0 0
306 1574
153 305
0 0
0 0
0 0
306 554
153 365
153 237
0 0
306 694
153 317
0 0
189 137
0 0
0 0
0 0
522 575
0 0
0 0
0 0
0 0
0 0
0 0
0 0
205 525
0 0
205 493
0 0
0 0
0 0
0 0
0 0
189 137
0 0
205 333
0 0
0 0
0 0
153 333
0 0
153 317
0 0
0 0
153 333
0 0
0 0
0 0
0 0
0 0
0 0
0 0
153 525
137 52
0 0
153 381
0 0
0 0
458 390
0 0
0 0
0 0
0 0
0 0
0 0
0 0
0 0
0 0
0 0
0 0
0 0
0 0
0 0
189 137
0 0
0 0
205 461
0 0
0 0
0 0
0 0
0 0
0 0
0 0
390 413
0 0
0 0
0 0
205 381
0 0
0 0
153 333
0 0
189 137
0 0
0 0
0 0
0 0
13330 96190
36731 155393
15552 22090
2525 3596
142552 2647967
46488 948459
0 0
0 0
0 0
0 0
1046 1052
0 0
0 0
0 0
306 938
189 137
0 0
0 0
205 413
0 0
410 822
0 0
0 0
0 0
0 0
0 0
0 0
0 0
0 0
0 0
0 0
0 0
0 0
459 1043
0 0
189 137
0 0
0 0
0 0
0 0
0 0
305 406
253 153
205 237
0 0
595 666
0 0
0 0
0 0
0 0
0 0
0 0
0 0
0 0
0 0
189 137
205 493
205 317
390 413
1162 992
792 570
740 581
0 0
370 337
1094 976
462 1167
205 349
0 0
205 525
0 0
0 0
0 0
0 0
153 765
153 493
189 137
0 0
410 774
0 0
0 0
0 0
205 349
0 0
0 0
663 835
0 0
0 0
0 0
0 0
205 525
0 0
0 0
0 0
0 0
0 0
189 137
0 0
0 0
0 0
0 0
0 0
0 0
0 0
205 381
0 0
0 0
153 365
0 0
0 0
0 0
0 0
153 413
0 0
0 0
0 0
189 137
0 0
0 0
1552 1032
740 506
740 506
153 253
0 0
0 0
153 413
458 390
0 0
0 0
205 861
205 445
0 0
153 317
0 0
0 0
153 509
189 137
0 0
0 0
205 397
0 0
0 0
0 0
355 364
205 401
205 477
0 0
0 0
0 0
0 0
153 269
390 413
410 730
0 0
3094 1650
51976 321856
14804 57340
0 0
0 0
1012 1108
205 333
796 522
1071 169
38336 564962
55321 1042562
0 0
153 333
458 390
0 0
1592 1547
0 0
0 0
1058 0
338 642
0 0
153 285
394 438
0 0
0 0
0 0
0 0
0 0
615 1155
0 0
358 726
0 0
153 333
0 0
0 0
153 349
0 0
0 0
804 1108
52 0
0 0
205 541
189 137
205 365
0 0
0 0
0 0
0 0
205 749
153 269
0 0
0 0
0 0
0 0
253 153
205 237
205 349
0 0
0 0
0 0
422 369
1854 1916
189 137
0 0
0 0
205 317
0 0
0 0
205 301
0 0
0 0
0 0
0 0
0 0
0 0
0 0
0 0
0 0
205 733
0 0
0 0
0 0
342 454
0 0
0 0
0 0
0 0
205 269
205 413
0 0
0 0
0 0
0 0
0 0
0 0
0 0
458 390
0 0
0 0
0 0
0 0
153 557
342 1126
410 918
0 0
0 0
0 0
0 0
0 0
0 0
0 0
0 0
0 0
0 0
0 0
0 0
0 0
0 0
205 381
422 305
1480 1012
0 0
189 137
0 0
0 0
0 0
0 0
0 0
205 429
0 0
0 0
0 0
0 0
0 0
0 0
0 0
0 0
23170 236629
126749 2399528
152763 3199295
0 0
153 317
189 137
627 470
679 639
0 0
0 0
0 0
0 0
0 0
205 509
0 0
0 0
0 0
0 0
0 0
0 0
0 0
306 890
0 0
0 0
153 493
189 137
0 0
205 525
0 0
0 0
205 541
0 0
0 0
0 0
4344 4610
672 321
2792 1232
306 614
0 0
153 365
511 915
611 723
0 0
410 646
716 1120
189 137
0 0
0 0
0 0
0 0
201 52
848 791
52 169
0 0
0 0
205 317
0 0
0 0
0 0
0 0
153 269
153 349
0 0
153 493
0 0
342 470
0 0
0 0
0 0
0 0
0 0
0 0
0 0
1386 1209
52 169
0 0
0 0
0 0
0 0
0 0
0 0
0 0
253 153
410 714
205 477
189 137
0 0
390 413
0 0
0 0
0 0
0 0
0 0
679 919
0 0
0 0
0 0
0 0
0 0
0 0
205 445
0 0
0 0
0 0
153 477
189 137
0 0
0 0
0 0
0 0
0 0
0 0
205 365
0 0
0 0
0 0
0 0
0 0
0 0
0 0
0 0
0 0
0 0
0 0
458 390
189 137
0 0
205 349
0 0
0 0
0 0
0 0
0 0
153 413
153 717
0 0
612 984
0 52
0 0
0 0
153 365
0 0
0 0
0 0
153 477
189 137
0 0
0 0
205 301
0 0
410 682
459 847
430 305
60 0
0 0
213 365
0 0
0 0
0 0
60 0
0 0
0 0
0 0
0 0
0 0
647 527
0 0
60 0
1113 1809
205 333
0 0
0 0
1621 1603
0 52
1523 2061
474 742
0 0
0 0
0 0
422 349
0 0
0 0
205 509
0 0
0 0
189 137
0 0
0 0
205 381
0 0
0 0
0 0
0 0
205 461
0 0
0 0
0 0
0 0
0 0
0 0
0 0
804 1108
462 906
0 0
358 810
861 458
458 390
0 0
410 502
205 333
0 0
0 0
306 470
0 0
0 0
0 0
0 0
0 0
0 0
0 0
390 413
0 0
0 0
0 0
0 0
189 137
0 0
0 0
0 0
0 0
0 0
0 0
205 349
0 0
0 0
0 0
0 0
0 0
0 0
0 0
0 0
205 701
0 0
0 0
0 0
189 137
0 0
253 153
205 237
0 0
0 0
0 0
0 0
153 317
0 0
0 0
0 0
153 349
0 0
0 0
0 0
0 0
0 0
0 0
153 477
189 137
0 0
0 0
0 0
0 0
0 0
0 0
0 0
0 0
0 0
0 0
0 0
0 0
0 0
410 546
205 305
0 0
0 0
306 774
0 0
189 137
0 0
0 0
205 525
458 390
30251 317639
141034 2681843
61919 1250914
0 0
0 0
0 0
679 639
679 639
0 0
0 0
0 0
0 0
0 0
0 0
5985 21285
98394 1858002
7202 72584
0 0
0 0
0 0
575 518
848 739
0 0
869 1493
0 0
876 1130
876 1130
0 0
0 0
953 1244
921 1161
153 333
459 771
0 0
459 3477
189 137
0 0
0 0
442 502
0 0
1327 2563
153 253
0 0
153 605
0 0
0 0
0 0
0 0
0 0
153 445
0 0
459 767
612 924
459 639
153 461
342 390
0 0
0 0
0 0
0 0
0 0
627 422
52 221
205 285
205 413
153 509
0 0
0 0
0 0
0 0
0 0
0 0
0 0
0 0
0 0
189 137
0 0
205 249
0 52
0 0
0 0
458 390
0 0
1448 1874
52 273
0 0
0 0
0 0
0 0
0 0
768 1052
615 883
0 0
0 0
563 3445
189 137
0 0
205 573
0 0
0 0
0 0
0 0
0 0
0 0
0 0
800 1111
560 1180
458 390
0 0
205 461
153 697
8863 29773
18342 73419
50699 333403
78177 540166
208419 3709943
41269 496957
77266 642999
0 0
0 0
1881 1675
1621 1807
627 406
0 0
0 0
0 0
205 381
0 0
0 0
38431 36405
25251 247827
16257 86086
25719 150897
4861 69230
0 0
22896 210095
5280 31574
0 0
0 0
1184 887
9445 44646
5677 56176
189 137
15436 222350
947 847
0 0
7507 61471
4314 70914
458 390
355 364
0 52
0 0
627 518
0 0
0 0
205 413
0 0
153 365
0 0
0 0
0 0
153 493
189 137
0 0
0 0
0 0
410 810
0 0
0 0
0 0
0 0
1448 1161
422 369
844 634
0 0
0 0
896 739
0 0
205 397
0 0
0 0
0 0
189 137
0 0
0 0
1012 1108
205 397
422 253
0 0
868 1360
205 493
491 454
0 0
0 0
422 474
0 0
0 0
153 253
306 710
0 0
0 0
153 301
764 803
40812 527435
31979 622785
0 0
153 269
0 0
0 0
1407 1465
0 0
0 0
0 0
0 0
0 0
0 0
0 0
0 0
856 811
52 297
205 301
205 477
189 137
0 0
358 1206
0 0
0 0
0 0
0 0
0 0
2374 1272
422 305
1347 827
1058 449
0 0
740 506
0 0
153 541
0 0
0 0
0 0
0 0
189 137
0 0
0 0
627 554
0 0
0 0
0 0
543 746
153 253
0 0
370 253
0 0
153 381
52 153
205 333
0 0
205 365
0 0
0 0
422 253
728 559
0 0
0 0
0 0
0 0
0 0
0 0
0 0
0 0
0 0
458 390
0 0
0 0
0 0
0 0
0 0
0 0
0 0
0 0
205 493
137 52
1448 501
1396 590
1396 759
0 0
0 0
1396 642
153 509
153 253
0 0
0 0
0 0
0 0
0 0
0 0
0 0
0 0
153 301
0 0
0 0
189 137
1122 1328
0 0
0 0
0 0
724 321
0 0
0 0
0 0
0 0
0 0
458 390
205 525
1114 734
0 0
0 0
0 0
0 0
0 0
422 253
7337 11450
491 1083
0 0
153 317
0 0
153 317
692 417
0 0
0 0
0 0
0 0
0 0
153 637
0 0
0 0
0 0
0 0
0 0
0 0
153 493
189 137
0 0
2934 5698
7216 12626
19060 37673
687 1134
0 0
0 0
0 0
153 317
0 0
0 0
458 390
0 0
0 0
0 0
0 0
0 0
0 0
0 0
189 137
0 0
0 0
205 285
0 0
253 237
64 338
0 0
0 0
0 0
0 0
205 285
724 321
0 0
0 0
0 0
0 0
0 0
0 0
0 0
189 137
897 827
527 1068
0 52
459 915
0 0
153 221
153 445
1500 1430
52 169
205 221
0 0
52 169
458 390
0 0
0 0
0 0
0 0
0 0
205 541
189 137
0 0
643 474
0 0
695 679
390 413
205 221
410 1082
153 221
0 0
306 614
0 0
153 221
0 0
52 169
0 0
0 0
0 0
0 0
0 0
189 137
205 493
0 0
0 0
0 0
0 0
0 0
0 0
0 0
0 0
0 0
0 0
0 0
0 0
0 0
458 390
205 333
0 0
459 903
0 0
342 438
205 333
0 0
0 0
0 0
0 0
0 0
60 0
60 0
0 0
60 0
0 0
0 0
0 0
265 413
0 0
0 0
0 0
627 442
153 525
189 137
422 305
60 0
422 305
205 541
153 397
0 0
1673 1708
205 353
896 1155
422 637
0 0
205 541
0 0
422 349
205 365
458 390
0 0
0 0
0 0
189 137
0 0
0 0
908 1108
0 0
0 0
0 0
0 0
0 0
0 0
0 0
0 0
0 0
0 0
205 413
0 0
0 0
0 0
0 0
0 0
189 137
0 0
0 0
0 0
205 493
0 0
205 269
0 0
153 253
0 0
153 349
390 413
0 0
0 0
724 321
776 442
856 1108
510 390
205 201
205 529
189 137
0 0
0 0
205 381
0 0
0 0
0 0
0 0
0 0
0 0
0 0
0 0
0 0
0 0
0 0
0 0
0 0
410 986
306 710
0 0
189 137
0 0
0 0
0 0
0 0
0 0
0 0
0 0
0 0
0 0
0 0
0 0
0 0
0 0
0 0
205 477
0 0
205 333
458 390
0 0
547 751
0 0
0 0
0 0
0 0
0 0
0 0
0 0
0 0
0 0
0 0
205 317
0 0
0 0
0 0
0 0
0 0
0 0
0 0
205 509
189 137
0 0
0 0
0 0
205 317
0 0
0 0
0 0
0 0
0 0
0 0
0 0
0 0
0 0
0 0
0 0
0 0
0 0
0 0
0 0
647 527
0 0
0 0
0 0
205 541
0 0
0 0
205 381
0 0
1256 2376
306 582
511 947
0 0
0 0
0 0
0 0
0 0
0 0
0 0
0 0
579 550
768 1068
0 0
0 0
0 0
0 0
153 733
0 0
0 0
153 253
459 943
0 0
612 1036
0 0
0 0
0 0
0 0
0 0
0 0
459 3477
648 1016
458 406
1126 1342
970 1526
0 0
0 0
153 557
0 0
0 0
0 0
0 0
0 0
0 0
153 253
0 0
0 0
153 349
358 678
0 0
0 0
394 694
1891 2675
0 0
0 0
765 1513
0 0
868 1205
0 0
0 0
0 0
0 0
153 253
0 0
0 0
0 0
153 509
0 0
0 0
0 0
0 0
189 137
0 0
458 406
0 0
