0 4 458 3 390
1 0 0 0 0
2 2 205 2 461
3 1 153 1 697
4 51 8863 56 29773
5 92 18342 104 73419
6 248 50699 384 333403
7 356 78177 508 540166
8 1099 208419 2702 3709943
9 205 41269 421 496957
10 366 77266 595 642999
11 0 0 0 0
12 0 0 0 0
13 15 1881 10 1675
14 10 1621 11 1807
15 5 627 3 406
16 0 0 0 0
17 0 0 0 0
18 0 0 0 0
19 2 205 2 381
20 0 0 0 0
21 0 0 0 0
22 67 38431 56 36405
23 140 25251 208 247827
24 65 16257 86 86086
25 112 25719 143 150897
26 31 4861 59 69230
27 0 0 0 0
28 122 22896 180 210095
29 35 5280 46 31574
30 0 0 0 0
31 0 0 0 0
32 7 1184 6 887
33 41 9445 45 44646
34 34 5677 53 56176
35 2 189 1 137
36 97 15436 179 222350
37 5 947 4 847
38 0 0 0 0
39 46 7507 54 61471
40 32 4314 56 70914
41 4 458 3 390
42 5 355 4 364
43 0 0 1 52
44 0 0 0 0
45 5 627 3 518
46 0 0 0 0
47 0 0 0 0
48 2 205 2 413
49 0 0 0 0
50 1 153 2 365
51 0 0 0 0
52 0 0 0 0
53 0 0 0 0
54 1 153 2 493
55 2 189 1 137
56 0 0 0 0
57 0 0 0 0
58 0 0 0 0
59 4 410 4 810
60 0 0 0 0
61 0 0 0 0
62 0 0 0 0
63 0 0 0 0
64 8 1448 8 1161
65 3 422 3 369
66 6 844 4 634
67 0 0 0 0
68 0 0 0 0
69 7 896 5 739
70 0 0 0 0
71 2 205 2 397
72 0 0 0 0
73 0 0 0 0
74 0 0 0 0
75 2 189 1 137
76 0 0 0 0
77 0 0 0 0
78 8 1012 4 1108
79 2 205 2 397
80 3 422 2 253
81 0 0 0 0
82 8 868 7 1360
83 2 205 2 493
84 3 491 3 454
85 0 0 0 0
86 0 0 0 0
87 3 422 4 474
88 0 0 0 0
89 0 0 0 0
90 1 153 2 253
91 2 306 3 710
92 0 0 0 0
93 0 0 0 0
94 1 153 2 301
95 6 764 5 803
96 251 40812 412 527435
97 223 31979 466 622785
98 0 0 0 0
99 1 153 2 269
100 0 0 0 0
101 0 0 0 0
102 11 1407 8 1465
103 0 0 0 0
104 0 0 0 0
105 0 0 0 0
106 0 0 0 0
107 0 0 0 0
108 0 0 0 0
109 0 0 0 0
110 0 0 0 0
111 5 856 3 811
112 1 52 1 297
113 2 205 2 301
114 2 205 2 477
115 2 189 1 137
116 0 0 0 0
117 3 358 3 1206
118 0 0 0 0
119 0 0 0 0
120 0 0 0 0
121 0 0 0 0
122 0 0 0 0
123 12 2374 9 1272
124 3 422 3 305
125 8 1347 7 827
126 5 1058 3 449
127 0 0 0 0
128 4 740 4 506
129 0 0 0 0
130 1 153 2 541
131 0 0 0 0
132 0 0 0 0
133 0 0 0 0
134 0 0 0 0
135 2 189 1 137
136 0 0 0 0
137 0 0 0 0
138 5 627 4 554
139 0 0 0 0
140 0 0 0 0
141 0 0 0 0
142 4 543 4 746
143 1 153 2 253
144 0 0 0 0
145 2 370 2 253
146 0 0 0 0
147 1 153 2 381
148 1 52 1 153
149 2 205 2 333
150 0 0 0 0
151 2 205 2 365
152 0 0 0 0
153 0 0 0 0
154 3 422 2 253
155 5 728 4 559
156 0 0 0 0
157 0 0 0 0
158 0 0 0 0
159 0 0 0 0
160 0 0 0 0
161 0 0 0 0
162 0 0 0 0
163 0 0 0 0
164 0 0 0 0
165 4 458 3 390
166 0 0 0 0
167 0 0 0 0
168 0 0 0 0
169 0 0 0 0
170 0 0 0 0
171 0 0 0 0
172 0 0 0 0
173 0 0 0 0
174 2 205 2 493
175 1 137 1 52
176 8 1448 4 501
177 7 1396 5 590
178 7 1396 6 759
179 0 0 0 0
180 0 0 0 0
181 7 1396 6 642
182 1 153 2 509
183 1 153 2 253
184 0 0 0 0
185 0 0 0 0
186 0 0 0 0
187 0 0 0 0
188 0 0 0 0
189 0 0 0 0
190 0 0 0 0
191 0 0 0 0
192 1 153 2 301
193 0 0 0 0
194 0 0 0 0
195 2 189 1 137
196 9 1122 7 1328
197 0 0 0 0
198 0 0 0 0
199 0 0 0 0
200 4 724 3 321
201 0 0 0 0
202 0 0 0 0
203 0 0 0 0
204 0 0 0 0
205 0 0 0 0
206 4 458 3 390
207 2 205 2 525
208 7 1114 5 734
209 0 0 0 0
210 0 0 0 0
211 0 0 0 0
212 0 0 0 0
213 0 0 0 0
214 3 422 2 253
215 31 7337 29 11450
216 3 491 7 1083
217 0 0 0 0
218 1 153 2 317
219 0 0 0 0
220 1 153 2 317
221 4 692 3 417
222 0 0 0 0
223 0 0 0 0
224 0 0 0 0
225 0 0 0 0
226 0 0 0 0
227 1 153 2 637
228 0 0 0 0
229 0 0 0 0
230 0 0 0 0
231 0 0 0 0
232 0 0 0 0
233 0 0 0 0
234 1 153 2 493
235 2 189 1 137
236 0 0 0 0
237 17 2934 13 5698
238 40 7216 41 12626
239 94 19060 104 37673
240 4 687 5 1134
241 0 0 0 0
242 0 0 0 0
243 0 0 0 0
244 1 153 2 317
245 0 0 0 0
246 0 0 0 0
247 4 458 3 390
248 0 0 0 0
249 0 0 0 0
250 0 0 0 0
251 0 0 0 0
252 0 0 0 0
253 0 0 0 0
254 0 0 0 0
255 2 189 1 137
256 0 0 0 0
257 0 0 0 0
258 2 205 2 285
259 0 0 0 0
260 2 253 2 237
261 1 64 2 338
262 0 0 0 0
263 0 0 0 0
264 0 0 0 0
265 0 0 0 0
266 2 205 2 285
267 4 724 3 321
268 0 0 0 0
269 0 0 0 0
270 0 0 0 0
271 0 0 0 0
272 0 0 0 0
273 0 0 0 0
274 0 0 0 0
275 2 189 1 137
276 6 897 7 827
277 4 527 6 1068
278 0 0 1 52
279 3 459 5 915
280 0 0 0 0
281 1 153 2 221
282 1 153 2 445
283 9 1500 10 1430
284 1 52 1 169
285 2 205 2 221
286 0 0 0 0
287 1 52 1 169
288 4 458 3 390
289 0 0 0 0
290 0 0 0 0
291 0 0 0 0
292 0 0 0 0
293 0 0 0 0
294 2 205 2 541
295 2 189 1 137
296 0 0 0 0
297 5 643 4 474
298 0 0 0 0
299 6 695 6 679
300 3 390 2 413
301 2 205 2 221
302 4 410 4 1082
303 1 153 2 221
304 0 0 0 0
305 2 306 3 614
306 0 0 0 0
307 1 153 2 221
308 0 0 0 0
309 1 52 1 169
310 0 0 0 0
311 0 0 0 0
312 0 0 0 0
313 0 0 0 0
314 0 0 0 0
315 2 189 1 137
316 2 205 2 493
317 0 0 0 0
318 0 0 0 0
319 0 0 0 0
320 0 0 0 0
321 0 0 0 0
322 0 0 0 0
323 0 0 0 0
324 0 0 0 0
325 0 0 0 0
326 0 0 0 0
327 0 0 0 0
328 0 0 0 0
329 0 0 0 0
330 4 458 3 390
331 2 205 2 333
332 0 0 0 0
333 3 459 6 903
334 0 0 0 0
335 3 342 3 438
336 2 205 2 333
337 0 0 0 0
338 0 0 0 0
339 0 0 0 0
340 0 0 0 0
341 0 0 0 0
342 1 60 0 0
343 1 60 0 0
344 0 0 0 0
345 1 60 0 0
346 0 0 0 0
347 0 0 0 0
348 0 0 0 0
349 3 265 2 413
350 0 0 0 0
351 0 0 0 0
352 0 0 0 0
353 5 627 4 442
354 1 153 2 525
355 2 189 1 137
356 3 422 3 305
357 1 60 0 0
358 3 422 3 305
359 2 205 2 541
360 1 153 2 397
361 0 0 0 0
362 15 1673 11 1708
363 2 205 3 353
364 7 896 5 1155
365 3 422 2 637
366 0 0 0 0
367 2 205 2 541
368 0 0 0 0
369 3 422 2 349
370 2 205 2 365
371 4 458 3 390
372 0 0 0 0
373 0 0 0 0
374 0 0 0 0
375 2 189 1 137
376 0 0 0 0
377 0 0 0 0
378 6 908 4 1108
379 0 0 0 0
380 0 0 0 0
381 0 0 0 0
382 0 0 0 0
383 0 0 0 0
384 0 0 0 0
385 0 0 0 0
386 0 0 0 0
387 0 0 0 0
388 0 0 0 0
389 2 205 2 413
390 0 0 0 0
391 0 0 0 0
392 0 0 0 0
393 0 0 0 0
394 0 0 0 0
395 2 189 1 137
396 0 0 0 0
397 0 0 0 0
398 0 0 0 0
399 2 205 2 493
400 0 0 0 0
401 2 205 2 269
402 0 0 0 0
403 1 153 2 253
404 0 0 0 0
405 1 153 2 349
406 3 390 2 413
407 0 0 0 0
408 0 0 0 0
409 4 724 3 321
410 5 776 4 442
411 5 856 4 1108
412 5 510 3 390
413 2 205 1 201
414 2 205 3 529
415 2 189 1 137
416 0 0 0 0
417 0 0 0 0
418 2 205 2 381
419 0 0 0 0
420 0 0 0 0
421 0 0 0 0
422 0 0 0 0
423 0 0 0 0
424 0 0 0 0
425 0 0 0 0
426 0 0 0 0
427 0 0 0 0
428 0 0 0 0
429 0 0 0 0
430 0 0 0 0
431 0 0 0 0
432 4 410 4 986
433 2 306 3 710
434 0 0 0 0
435 2 189 1 137
436 0 0 0 0
437 0 0 0 0
438 0 0 0 0
439 0 0 0 0
440 0 0 0 0
441 0 0 0 0
442 0 0 0 0
443 0 0 0 0
444 0 0 0 0
445 0 0 0 0
446 0 0 0 0
447 0 0 0 0
448 0 0 0 0
449 0 0 0 0
450 2 205 2 477
451 0 0 0 0
452 2 205 2 333
453 4 458 3 390
454 0 0 0 0
455 5 547 4 751
456 0 0 0 0
457 0 0 0 0
458 0 0 0 0
459 0 0 0 0
460 0 0 0 0
461 0 0 0 0
462 0 0 0 0
463 0 0 0 0
464 0 0 0 0
465 0 0 0 0
466 2 205 2 317
467 0 0 0 0
468 0 0 0 0
469 0 0 0 0
470 0 0 0 0
471 0 0 0 0
472 0 0 0 0
473 0 0 0 0
474 2 205 2 509
475 2 189 1 137
476 0 0 0 0
477 0 0 0 0
478 0 0 0 0
479 2 205 2 317
480 0 0 0 0
481 0 0 0 0
482 0 0 0 0
483 0 0 0 0
484 0 0 0 0
485 0 0 0 0
486 0 0 0 0
487 0 0 0 0
488 0 0 0 0
489 0 0 0 0
490 0 0 0 0
491 0 0 0 0
492 0 0 0 0
493 0 0 0 0
494 0 0 0 0
495 6 647 4 527
496 0 0 0 0
497 0 0 0 0
498 0 0 0 0
499 2 205 2 541
500 0 0 0 0
501 0 0 0 0
502 2 205 2 381
503 0 0 0 0
504 8 1256 12 2376
505 2 306 3 582
506 4 511 5 947
507 0 0 0 0
508 0 0 0 0
509 0 0 0 0
510 0 0 0 0
511 0 0 0 0
512 0 0 0 0
513 0 0 0 0
514 0 0 0 0
515 5 579 3 550
516 7 768 6 1068
517 0 0 0 0
518 0 0 0 0
519 0 0 0 0
520 0 0 0 0
521 1 153 2 733
522 0 0 0 0
523 0 0 0 0
524 1 153 2 253
525 3 459 4 943
526 0 0 0 0
527 4 612 6 1036
528 0 0 0 0
529 0 0 0 0
530 0 0 0 0
531 0 0 0 0
532 0 0 0 0
533 0 0 0 0
534 3 459 4 3477
535 5 648 5 1016
536 4 458 3 406
537 10 1126 8 1342
538 7 970 10 1526
539 0 0 0 0
540 0 0 0 0
541 1 153 2 557
542 0 0 0 0
543 0 0 0 0
544 0 0 0 0
545 0 0 0 0
546 0 0 0 0
547 0 0 0 0
548 1 153 2 253
549 0 0 0 0
550 0 0 0 0
551 1 153 2 349
552 3 358 3 678
553 0 0 0 0
554 0 0 0 0
555 4 394 3 694
556 15 1891 15 2675
557 0 0 0 0
558 0 0 0 0
559 5 765 8 1513
560 0 0 0 0
561 8 868 7 1205
562 0 0 0 0
563 0 0 0 0
564 0 0 0 0
565 0 0 0 0
566 1 153 2 253
567 0 0 0 0
568 0 0 0 0
569 0 0 0 0
570 1 153 2 509
571 0 0 0 0
572 0 0 0 0
573 0 0 0 0
574 0 0 0 0
575 2 189 1 137
576 0 0 0 0
577 4 458 3 406
578 0 0 0 0
579 0 0 0 0
580 0 0 0 0
581 0 0 0 0
582 0 0 0 0
583 6 892 5 558
584 1 249 1 52
585 1 249 1 52
586 2 402 3 401
587 0 0 0 0
588 1 249 0 0
589 4 442 6 924
590 0 0 0 0
591 0 0 0 0
592 0 0 0 0
593 0 0 0 0
594 5 563 4 3493
595 2 189 1 137
596 0 0 0 0
597 0 0 0 0
598 0 0 0 0
599 0 0 0 0
600 0 0 0 0
601 0 0 0 0
602 2 205 2 557
603 0 0 0 0
604 2 205 2 429
605 0 0 0 0
606 0 0 0 0
607 0 0 0 0
608 0 0 0 0
609 0 0 0 0
610 0 0 0 0
611 0 0 0 0
612 0 0 0 0
613 0 0 0 0
614 2 306 3 966
615 2 189 2 189
616 0 0 0 0
617 2 205 2 269
618 4 458 2 338
619 0 0 1 52
620 0 0 0 0
621 0 0 0 0
622 0 0 0 0
623 0 0 0 0
624 0 0 0 0
625 0 0 0 0
626 0 0 0 0
627 0 0 0 0
628 0 0 0 0
629 0 0 0 0
630 0 0 0 0
631 2 205 2 781
632 0 0 0 0
633 0 0 0 0
634 0 0 0 0
635 2 189 1 137
636 0 0 0 0
637 0 0 0 0
638 0 0 0 0
639 0 0 0 0
640 0 0 0 0
641 0 0 0 0
642 0 0 0 0
643 0 0 0 0
644 0 0 0 0
645 0 0 0 0
646 0 0 0 0
647 0 0 0 0
648 0 0 0 0
649 0 0 0 0
650 21 2809 22 5181
651 29 4437 42 10409
652 11 1598 17 4998
653 47 7191 55 15879
654 19 2907 23 7537
655 2 189 1 137
656 5 595 4 826
657 0 0 0 0
658 0 0 0 0
659 0 0 0 0
660 4 458 3 406
661 0 0 0 0
662 5 355 4 364
663 0 0 1 52
664 0 0 0 0
665 2 205 2 733
666 0 0 0 0
667 0 0 0 0
668 2 306 3 1078
669 0 0 0 0
670 0 0 0 0
671 0 0 0 0
672 0 0 0 0
673 0 0 0 0
674 0 0 0 0
675 2 189 1 137
676 0 0 0 0
677 0 0 0 0
678 8 1012 4 1108
679 13 1585 11 2100
680 0 0 0 0
681 2 205 2 845
682 0 0 0 0
683 0 0 0 0
684 0 0 0 0
685 0 0 0 0
686 0 0 0 0
687 0 0 0 0
688 0 0 0 0
689 0 0 0 0
690 0 0 0 0
691 0 0 0 0
692 0 0 0 0
693 0 0 0 0
694 1 153 2 365
695 2 189 1 137
696 0 0 0 0
697 0 0 0 0
698 0 0 0 0
699 0 0 0 0
700 0 0 0 0
701 4 458 3 390
702 0 0 0 0
703 2 205 2 333
704 0 0 0 0
705 2 205 2 333
706 1 153 2 381
707 1 153 2 333
708 0 0 0 0
709 0 0 0 0
710 1 153 2 285
711 4 804 4 1108
712 1 52 0 0
713 0 0 0 0
714 2 205 2 525
715 2 189 1 137
716 0 0 0 0
717 0 0 0 0
718 0 0 0 0
719 0 0 0 0
720 0 0 0 0
721 0 0 0 0
722 0 0 0 0
723 0 0 0 0
724 0 0 0 0
725 0 0 0 0
726 0 0 0 0
727 0 0 0 0
728 0 0 0 0
729 2 205 2 413
730 0 0 0 0
731 0 0 0 0
732 0 0 0 0
733 0 0 0 0
734 0 0 0 0
735 2 189 1 137
736 3 358 4 698
737 1 153 2 621
738 0 0 0 0
739 0 0 0 0
740 0 0 0 0
741 0 0 0 0
742 4 458 3 390
743 23 4252 21 4709
744 14 3226 10 2342
745 0 0 0 0
746 0 0 0 0
747 0 0 0 0
748 0 0 0 0
749 1 153 2 605
750 4 458 3 390
751 2 205 2 269
752 0 0 0 0
753 0 0 0 0
754 2 205 2 269
755 3 342 3 406
756 2 205 2 269
757 0 0 0 0
758 0 0 0 0
759 0 0 0 0
760 2 205 2 877
761 0 0 0 0
762 2 205 2 717
763 0 0 0 0
764 1 153 2 349
765 0 0 0 0
766 0 0 0 0
767 0 0 0 0
768 3 459 5 1283
769 1 153 2 269
770 0 0 0 0
771 0 0 0 0
772 1 153 2 365
773 0 0 0 0
774 3 459 4 3477
775 2 189 1 137
776 0 0 0 0
777 0 0 0 0
778 0 0 0 0
779 0 0 0 0
780 2 205 2 381
781 2 205 2 509
782 0 0 0 0
783 0 0 0 0
784 0 0 0 0
785 0 0 0 0
786 0 0 0 0
787 0 0 0 0
788 0 0 0 0
789 0 0 0 0
790 0 0 0 0
791 4 458 3 390
792 0 0 0 0
793 0 0 0 0
794 0 0 0 0
795 3 342 3 422
796 2 205 2 381
797 0 0 0 0
798 0 0 0 0
799 0 0 0 0
800 0 0 0 0
801 0 0 0 0
802 0 0 0 0
803 0 0 0 0
804 0 0 0 0
805 0 0 0 0
806 0 0 0 0
807 0 0 0 0
808 0 0 0 0
809 0 0 0 0
810 0 0 0 0
811 0 0 0 0
812 0 0 0 0
813 0 0 0 0
814 0 0 0 0
815 2 189 1 137
816 0 0 0 0
817 0 0 0 0
818 0 0 0 0
819 0 0 0 0
820 0 0 0 0
821 0 0 0 0
822 0 0 0 0
823 0 0 0 0
824 0 0 0 0
825 0 0 0 0
826 0 0 0 0
827 0 0 0 0
828 0 0 0 0
829 0 0 0 0
830 0 0 0 0
831 2 205 2 541
832 2 253 1 153
833 2 205 2 237
834 1 153 2 509
835 2 189 1 137
836 0 0 0 0
837 5 563 4 1183
838 0 0 0 0
839 0 0 0 0
840 0 0 0 0
841 0 0 0 0
842 0 0 0 0
843 0 0 0 0
844 0 0 0 0
845 0 0 0 0
846 0 0 0 0
847 0 0 0 0
848 2 205 1 441
849 0 0 1 52
850 0 0 0 0
851 0 0 0 0
852 0 0 0 0
853 0 0 0 0
854 0 0 0 0
855 2 189 1 137
856 0 0 0 0
857 0 0 0 0
858 0 0 0 0
859 0 0 0 0
860 0 0 0 0
861 3 305 3 406
862 0 0 0 0
863 0 0 0 0
864 0 0 0 0
865 0 0 0 0
866 2 205 2 349
867 0 0 0 0
868 0 0 0 0
869 2 205 2 381
870 0 0 0 0
871 0 0 0 0
872 0 0 0 0
873 0 0 0 0
874 4 458 3 390
875 2 189 1 137
876 0 0 0 0
877 0 0 0 0
878 0 0 0 0
879 0 0 0 0
880 0 0 0 0
881 0 0 0 0
882 0 0 0 0
883 9 1399 8 1209
884 1 52 1 169
885 0 0 0 0
886 0 0 0 0
887 0 0 0 0
888 0 0 0 0
889 0 0 0 0
890 0 0 0 0
891 0 0 0 0
892 0 0 0 0
893 0 0 0 0
894 2 205 2 477
895 2 189 1 137
896 0 0 0 0
897 0 0 0 0
898 2 205 2 509
899 0 0 0 0
900 0 0 0 0
901 0 0 0 0
902 2 205 2 445
903 0 0 0 0
904 2 306 3 790
905 0 0 0 0
906 1 153 2 701
907 0 0 0 0
908 1 153 2 333
909 0 0 0 0
910 0 0 0 0
911 1 153 2 541
912 0 0 0 0
913 0 0 0 0
914 0 0 0 0
915 6 647 4 527
916 2 205 2 429
917 0 0 0 0
918 0 0 0 0
919 0 0 0 0
920 0 0 0 0
921 0 0 0 0
922 0 0 0 0
923 0 0 0 0
924 0 0 0 0
925 0 0 0 0
926 0 0 0 0
927 3 390 2 413
928 0 0 0 0
929 0 0 0 0
930 0 0 0 0
931 0 0 0 0
932 0 0 0 0
933 0 0 0 0
934 0 0 0 0
935 2 189 1 137
936 0 0 0 0
937 0 0 0 0
938 0 0 0 0
939 0 0 0 0
940 0 0 0 0
941 0 0 0 0
942 0 0 0 0
943 0 0 0 0
944 0 0 0 0
945 0 0 0 0
946 0 0 0 0
947 0 0 0 0
948 0 0 0 0
949 0 0 0 0
950 0 0 0 0
951 0 0 0 0
952 0 0 0 0
953 2 205 2 349
954 1 153 2 477
955 2 189 1 137
956 4 458 3 390
957 0 0 0 0
958 0 0 0 0
959 0 0 0 0
960 0 0 0 0
961 0 0 0 0
962 5 355 4 364
963 0 0 1 52
964 0 0 0 0
965 0 0 0 0
966 2 205 2 381
967 0 0 0 0
968 0 0 0 0
969 0 0 0 0
970 0 0 0 0
971 0 0 0 0
972 0 0 0 0
973 0 0 0 0
974 2 205 2 589
975 2 189 1 137
976 0 0 0 0
977 0 0 0 0
978 8 1012 4 1108
979 2 205 2 285
980 2 205 2 413
981 2 205 2 541
982 0 0 0 0
983 0 0 0 0
984 0 0 0 0
985 0 0 0 0
986 0 0 0 0
987 1 153 2 541
988 0 0 0 0
989 0 0 0 0
990 1 153 2 365
991 0 0 0 0
992 0 0 0 0
993 0 0 0 0
994 0 0 0 0
995 4 394 3 406
996 0 0 0 0
997 2 253 1 153
998 2 205 2 237
999 0 0 0 0
1000 0 0 0 0
1001 0 0 0 0
1002 0 0 0 0
1003 2 205 2 285
1004 0 0 0 0
1005 0 0 0 0
1006 0 0 0 0
1007 0 0 0 0
1008 0 0 0 0
1009 0 0 0 0
1010 0 0 0 0
1011 4 804 3 811
1012 3 257 3 630
1013 0 0 0 0
1014 2 205 2 525
1015 2 189 1 137
1016 0 0 0 0
1017 0 0 0 0
1018 0 0 0 0
1019 0 0 0 0
1020 2 205 2 349
1021 0 0 0 0
1022 0 0 0 0
1023 2 306 3 1574
1024 1 153 3 305
1025 0 0 0 0
1026 0 0 0 0
1027 0 0 0 0
1028 2 306 4 554
1029 1 153 2 365
1030 1 153 2 237
1031 0 0 0 0
1032 2 306 3 694
1033 1 153 2 317
1034 0 0 0 0
1035 2 189 1 137
1036 0 0 0 0
1037 0 0 0 0
1038 0 0 0 0
1039 5 522 4 575
1040 0 0 0 0
1041 0 0 0 0
1042 0 0 0 0
1043 0 0 0 0
1044 0 0 0 0
1045 0 0 0 0
1046 0 0 0 0
1047 2 205 2 525
1048 0 0 0 0
1049 2 205 2 493
1050 0 0 0 0
1051 0 0 0 0
1052 0 0 0 0
1053 0 0 0 0
1054 0 0 0 0
1055 2 189 1 137
1056 0 0 0 0
1057 2 205 2 333
1058 0 0 0 0
1059 0 0 0 0
1060 0 0 0 0
1061 1 153 2 333
1062 0 0 0 0
1063 1 153 2 317
1064 0 0 0 0
1065 0 0 0 0
1066 1 153 2 333
1067 0 0 0 0
1068 0 0 0 0
1069 0 0 0 0
1070 0 0 0 0
1071 0 0 0 0
1072 0 0 0 0
1073 0 0 0 0
1074 1 153 2 525
1075 1 137 1 52
1076 0 0 0 0
1077 1 153 2 381
1078 0 0 0 0
1079 0 0 0 0
1080 4 458 3 390
1081 0 0 0 0
1082 0 0 0 0
1083 0 0 0 0
1084 0 0 0 0
1085 0 0 0 0
1086 0 0 0 0
1087 0 0 0 0
1088 0 0 0 0
1089 0 0 0 0
1090 0 0 0 0
1091 0 0 0 0
1092 0 0 0 0
1093 0 0 0 0
1094 0 0 0 0
1095 2 189 1 137
1096 0 0 0 0
1097 0 0 0 0
1098 2 205 2 461
1099 0 0 0 0
1100 0 0 0 0
1101 0 0 0 0
1102 0 0 0 0
1103 0 0 0 0
1104 0 0 0 0
1105 0 0 0 0
1106 3 390 2 413
1107 0 0 0 0
1108 0 0 0 0
1109 0 0 0 0
1110 2 205 2 381
1111 0 0 0 0
1112 0 0 0 0
1113 1 153 2 333
1114 0 0 0 0
1115 2 189 1 137
1116 0 0 0 0
1117 0 0 0 0
1118 0 0 0 0
1119 0 0 0 0
1120 73 13330 85 96190
1121 179 36731 207 155393
1122 72 15552 68 22090
1123 9 2525 6 3596
1124 826 142552 1925 2647967
1125 228 46488 688 948459
1126 0 0 0 0
1127 0 0 0 0
1128 0 0 0 0
1129 0 0 0 0
1130 6 1046 6 1052
1131 0 0 0 0
1132 0 0 0 0
1133 0 0 0 0
1134 2 306 4 938
1135 2 189 1 137
1136 0 0 0 0
1137 0 0 0 0
1138 2 205 2 413
1139 0 0 0 0
1140 4 410 3 822
1141 0 0 0 0
1142 0 0 0 0
1143 0 0 0 0
1144 0 0 0 0
1145 0 0 0 0
1146 0 0 0 0
1147 0 0 0 0
1148 0 0 0 0
1149 0 0 0 0
1150 0 0 0 0
1151 0 0 0 0
1152 0 0 0 0
1153 3 459 5 1043
1154 0 0 0 0
1155 2 189 1 137
1156 0 0 0 0
1157 0 0 0 0
1158 0 0 0 0
1159 0 0 0 0
1160 0 0 0 0
1161 3 305 3 406
1162 2 253 1 153
1163 2 205 2 237
1164 0 0 0 0
1165 5 595 4 666
1166 0 0 0 0
1167 0 0 0 0
1168 0 0 0 0
1169 0 0 0 0
1170 0 0 0 0
1171 0 0 0 0
1172 0 0 0 0
1173 0 0 0 0
1174 0 0 0 0
1175 2 189 1 137
1176 2 205 2 493
1177 2 205 2 317
1178 3 390 2 413
1179 7 1162 7 992
1180 5 792 4 570
1181 4 740 4 581
1182 0 0 0 0
1183 2 370 3 337
1184 6 1094 7 976
1185 5 462 4 1167
1186 2 205 2 349
1187 0 0 0 0
1188 2 205 2 525
1189 0 0 0 0
1190 0 0 0 0
1191 0 0 0 0
1192 0 0 0 0
1193 1 153 2 765
1194 1 153 2 493
1195 2 189 1 137
1196 0 0 0 0
1197 4 410 3 774
1198 0 0 0 0
1199 0 0 0 0
1200 0 0 0 0
1201 2 205 2 349
1202 0 0 0 0
1203 0 0 0 0
1204 6 663 5 835
1205 0 0 0 0
1206 0 0 0 0
1207 0 0 0 0
1208 0 0 0 0
1209 2 205 2 525
1210 0 0 0 0
1211 0 0 0 0
1212 0 0 0 0
1213 0 0 0 0
1214 0 0 0 0
1215 2 189 1 137
1216 0 0 0 0
1217 0 0 0 0
1218 0 0 0 0
1219 0 0 0 0
1220 0 0 0 0
1221 0 0 0 0
1222 0 0 0 0
1223 2 205 2 381
1224 0 0 0 0
1225 0 0 0 0
1226 1 153 2 365
1227 0 0 0 0
1228 0 0 0 0
1229 0 0 0 0
1230 0 0 0 0
1231 1 153 2 413
1232 0 0 0 0
1233 0 0 0 0
1234 0 0 0 0
1235 2 189 1 137
1236 0 0 0 0
1237 0 0 0 0
1238 10 1552 9 1032
1239 4 740 4 506
1240 4 740 4 506
1241 1 153 2 253
1242 0 0 0 0
1243 0 0 0 0
1244 1 153 2 413
1245 4 458 3 390
1246 0 0 0 0
1247 0 0 0 0
1248 2 205 2 861
1249 2 205 2 445
1250 0 0 0 0
1251 1 153 2 317
1252 0 0 0 0
1253 0 0 0 0
1254 1 153 2 509
1255 2 189 1 137
1256 0 0 0 0
1257 0 0 0 0
1258 2 205 2 397
1259 0 0 0 0
1260 0 0 0 0
1261 0 0 0 0
1262 5 355 4 364
1263 2 205 3 401
1264 2 205 2 477
1265 0 0 0 0
1266 0 0 0 0
1267 0 0 0 0
1268 0 0 0 0
1269 1 153 2 269
1270 3 390 2 413
1271 4 410 4 730
1272 0 0 0 0
1273 13 3094 9 1650
1274 250 51976 323 321856
1275 78 14804 90 57340
1276 0 0 0 0
1277 0 0 0 0
1278 8 1012 4 1108
1279 2 205 2 333
1280 6 796 4 522
1281 4 1071 1 169
1282 222 38336 419 564962
1283 355 55321 775 1042562
1284 0 0 0 0
1285 1 153 2 333
1286 4 458 3 390
1287 0 0 0 0
1288 12 1592 10 1547
1289 0 0 0 0
1290 0 0 0 0
1291 5 1058 0 0
1292 2 338 6 642
1293 0 0 0 0
1294 1 153 2 285
1295 4 394 3 438
1296 0 0 0 0
1297 0 0 0 0
1298 0 0 0 0
1299 0 0 0 0
1300 0 0 0 0
1301 6 615 5 1155
1302 0 0 0 0
1303 3 358 3 726
1304 0 0 0 0
1305 1 153 2 333
1306 0 0 0 0
1307 0 0 0 0
1308 1 153 2 349
1309 0 0 0 0
1310 0 0 0 0
1311 4 804 4 1108
1312 1 52 0 0
1313 0 0 0 0
1314 2 205 2 541
1315 2 189 1 137
1316 2 205 2 365
1317 0 0 0 0
1318 0 0 0 0
1319 0 0 0 0
1320 0 0 0 0
1321 2 205 2 749
1322 1 153 2 269
1323 0 0 0 0
1324 0 0 0 0
1325 0 0 0 0
1326 0 0 0 0
1327 2 253 1 153
1328 2 205 2 237
1329 2 205 2 349
1330 0 0 0 0
1331 0 0 0 0
1332 0 0 0 0
1333 3 422 3 369
1334 11 1854 13 1916
1335 2 189 1 137
1336 0 0 0 0
1337 0 0 0 0
1338 2 205 2 317
1339 0 0 0 0
1340 0 0 0 0
1341 2 205 2 301
1342 0 0 0 0
1343 0 0 0 0
1344 0 0 0 0
1345 0 0 0 0
1346 0 0 0 0
1347 0 0 0 0
1348 0 0 0 0
1349 0 0 0 0
1350 0 0 0 0
1351 2 205 2 733
1352 0 0 0 0
1353 0 0 0 0
1354 0 0 0 0
1355 3 342 3 454
1356 0 0 0 0
1357 0 0 0 0
1358 0 0 0 0
1359 0 0 0 0
1360 2 205 2 269
1361 2 205 2 413
1362 0 0 0 0
1363 0 0 0 0
1364 0 0 0 0
1365 0 0 0 0
1366 0 0 0 0
1367 0 0 0 0
1368 0 0 0 0
1369 4 458 3 390
1370 0 0 0 0
1371 0 0 0 0
1372 0 0 0 0
1373 0 0 0 0
1374 1 153 2 557
1375 3 342 3 1126
1376 4 410 3 918
1377 0 0 0 0
1378 0 0 0 0
1379 0 0 0 0
1380 0 0 0 0
1381 0 0 0 0
1382 0 0 0 0
1383 0 0 0 0
1384 0 0 0 0
1385 0 0 0 0
1386 0 0 0 0
1387 0 0 0 0
1388 0 0 0 0
1389 0 0 0 0
1390 0 0 0 0
1391 2 205 2 381
1392 3 422 3 305
1393 8 1480 8 1012
1394 0 0 0 0
1395 2 189 1 137
1396 0 0 0 0
1397 0 0 0 0
1398 0 0 0 0
1399 0 0 0 0
1400 0 0 0 0
1401 2 205 2 429
1402 0 0 0 0
1403 0 0 0 0
1404 0 0 0 0
1405 0 0 0 0
1406 0 0 0 0
1407 0 0 0 0
1408 0 0 0 0
1409 0 0 0 0
1410 123 23170 188 236629
1411 799 126749 1761 2399528
1412 879 152763 2301 3199295
1413 0 0 0 0
1414 1 153 2 317
1415 2 189 1 137
1416 5 627 3 470
1417 6 679 4 639
1418 0 0 0 0
1419 0 0 0 0
1420 0 0 0 0
1421 0 0 0 0
1422 0 0 0 0
1423 2 205 2 509
1424 0 0 0 0
1425 0 0 0 0
1426 0 0 0 0
1427 0 0 0 0
1428 0 0 0 0
1429 0 0 0 0
1430 0 0 0 0
1431 2 306 4 890
1432 0 0 0 0
1433 0 0 0 0
1434 1 153 2 493
1435 2 189 1 137
1436 0 0 0 0
1437 2 205 2 525
1438 0 0 0 0
1439 0 0 0 0
1440 2 205 2 541
1441 0 0 0 0
1442 0 0 0 0
1443 0 0 0 0
1444 18 4344 16 4610
1445 3 672 3 321
1446 14 2792 11 1232
1447 2 306 3 614
1448 0 0 0 0
1449 1 153 2 365
1450 4 511 5 915
1451 5 611 5 723
1452 0 0 0 0
1453 4 410 3 646
1454 6 716 7 1120
1455 2 189 1 137
1456 0 0 0 0
1457 0 0 0 0
1458 0 0 0 0
1459 0 0 0 0
1460 1 201 1 52
1461 7 848 6 791
1462 1 52 1 169
1463 0 0 0 0
1464 0 0 0 0
1465 2 205 2 317
1466 0 0 0 0
1467 0 0 0 0
1468 0 0 0 0
1469 0 0 0 0
1470 1 153 2 269
1471 1 153 2 349
1472 0 0 0 0
1473 1 153 2 493
1474 0 0 0 0
1475 3 342 3 470
1476 0 0 0 0
1477 0 0 0 0
1478 0 0 0 0
1479 0 0 0 0
1480 0 0 0 0
1481 0 0 0 0
1482 0 0 0 0
1483 11 1386 8 1209
1484 1 52 1 169
1485 0 0 0 0
1486 0 0 0 0
1487 0 0 0 0
1488 0 0 0 0
1489 0 0 0 0
1490 0 0 0 0
1491 0 0 0 0
1492 2 253 1 153
1493 4 410 4 714
1494 2 205 2 477
1495 2 189 1 137
1496 0 0 0 0
1497 3 390 2 413
1498 0 0 0 0
1499 0 0 0 0
1500 0 0 0 0
1501 0 0 0 0
1502 0 0 0 0
1503 6 679 6 919
1504 0 0 0 0
1505 0 0 0 0
1506 0 0 0 0
1507 0 0 0 0
1508 0 0 0 0
1509 0 0 0 0
1510 2 205 2 445
1511 0 0 0 0
1512 0 0 0 0
1513 0 0 0 0
1514 1 153 2 477
1515 2 189 1 137
1516 0 0 0 0
1517 0 0 0 0
1518 0 0 0 0
1519 0 0 0 0
1520 0 0 0 0
1521 0 0 0 0
1522 2 205 2 365
1523 0 0 0 0
1524 0 0 0 0
1525 0 0 0 0
1526 0 0 0 0
1527 0 0 0 0
1528 0 0 0 0
1529 0 0 0 0
1530 0 0 0 0
1531 0 0 0 0
1532 0 0 0 0
1533 0 0 0 0
1534 4 458 3 390
1535 2 189 1 137
1536 0 0 0 0
1537 2 205 2 349
1538 0 0 0 0
1539 0 0 0 0
1540 0 0 0 0
1541 0 0 0 0
1542 0 0 0 0
1543 1 153 2 413
1544 1 153 2 717
1545 0 0 0 0
1546 4 612 5 984
1547 0 0 1 52
1548 0 0 0 0
1549 0 0 0 0
1550 1 153 2 365
1551 0 0 0 0
1552 0 0 0 0
1553 0 0 0 0
1554 1 153 2 477
1555 2 189 1 137
1556 0 0 0 0
1557 0 0 0 0
1558 2 205 2 301
1559 0 0 0 0
1560 4 410 4 682
1561 3 459 4 847
1562 3 430 3 305
1563 1 60 0 0
1564 0 0 0 0
1565 2 213 2 365
1566 0 0 0 0
1567 0 0 0 0
1568 0 0 0 0
1569 1 60 0 0
1570 0 0 0 0
1571 0 0 0 0
1572 0 0 0 0
1573 0 0 0 0
1574 0 0 0 0
1575 6 647 4 527
1576 0 0 0 0
1577 1 60 0 0
1578 8 1113 6 1809
1579 2 205 2 333
1580 0 0 0 0
1581 0 0 0 0
1582 14 1621 10 1603
1583 0 0 1 52
1584 12 1523 9 2061
1585 4 474 3 742
1586 0 0 0 0
1587 0 0 0 0
1588 0 0 0 0
1589 3 422 2 349
1590 0 0 0 0
1591 0 0 0 0
1592 2 205 2 509
1593 0 0 0 0
1594 0 0 0 0
1595 2 189 1 137
1596 0 0 0 0
1597 0 0 0 0
1598 2 205 2 381
1599 0 0 0 0
1600 0 0 0 0
1601 0 0 0 0
1602 0 0 0 0
1603 2 205 2 461
1604 0 0 0 0
1605 0 0 0 0
1606 0 0 0 0
1607 0 0 0 0
1608 0 0 0 0
1609 0 0 0 0
1610 0 0 0 0
1611 4 804 4 1108
1612 5 462 4 906
1613 0 0 0 0
1614 3 358 4 810
1615 5 861 4 458
1616 4 458 3 390
1617 0 0 0 0
1618 4 410 3 502
1619 2 205 2 333
1620 0 0 0 0
1621 0 0 0 0
1622 2 306 3 470
1623 0 0 0 0
1624 0 0 0 0
1625 0 0 0 0
1626 0 0 0 0
1627 0 0 0 0
1628 0 0 0 0
1629 0 0 0 0
1630 3 390 2 413
1631 0 0 0 0
1632 0 0 0 0
1633 0 0 0 0
1634 0 0 0 0
1635 2 189 1 137
1636 0 0 0 0
1637 0 0 0 0
1638 0 0 0 0
1639 0 0 0 0
1640 0 0 0 0
1641 0 0 0 0
1642 2 205 2 349
1643 0 0 0 0
1644 0 0 0 0
1645 0 0 0 0
1646 0 0 0 0
1647 0 0 0 0
1648 0 0 0 0
1649 0 0 0 0
1650 0 0 0 0
1651 2 205 2 701
1652 0 0 0 0
1653 0 0 0 0
1654 0 0 0 0
1655 2 189 1 137
1656 0 0 0 0
1657 2 253 1 153
1658 2 205 2 237
1659 0 0 0 0
1660 0 0 0 0
1661 0 0 0 0
1662 0 0 0 0
1663 1 153 2 317
1664 0 0 0 0
1665 0 0 0 0
1666 0 0 0 0
1667 1 153 2 349
1668 0 0 0 0
1669 0 0 0 0
1670 0 0 0 0
1671 0 0 0 0
1672 0 0 0 0
1673 0 0 0 0
1674 1 153 2 477
1675 2 189 1 137
1676 0 0 0 0
1677 0 0 0 0
1678 0 0 0 0
1679 0 0 0 0
1680 0 0 0 0
1681 0 0 0 0
1682 0 0 0 0
1683 0 0 0 0
1684 0 0 0 0
1685 0 0 0 0
1686 0 0 0 0
1687 0 0 0 0
1688 0 0 0 0
1689 4 410 2 546
1690 2 205 3 305
1691 0 0 0 0
1692 0 0 0 0
1693 2 306 3 774
1694 0 0 0 0
1695 2 189 1 137
1696 0 0 0 0
1697 0 0 0 0
1698 2 205 2 525
1699 4 458 3 390
1700 175 30251 250 317639
1701 895 141034 1969 2681843
1702 365 61919 911 1250914
1703 0 0 0 0
1704 0 0 0 0
1705 0 0 0 0
1706 6 679 4 639
1707 6 679 4 639
1708 0 0 0 0
1709 0 0 0 0
1710 0 0 0 0
1711 0 0 0 0
1712 0 0 0 0
1713 0 0 0 0
1714 30 5985 26 21285
1715 633 98394 1365 1858002
1716 35 7202 60 72584
1717 0 0 0 0
1718 0 0 0 0
1719 0 0 0 0
1720 4 575 3 518
1721 7 848 5 739
1722 0 0 0 0
1723 7 869 7 1493
1724 0 0 0 0
1725 6 876 4 1130
1726 6 876 4 1130
1727 0 0 0 0
1728 0 0 0 0
1729 8 953 6 1244
1730 8 921 8 1161
1731 1 153 2 333
1732 3 459 5 771
1733 0 0 0 0
1734 3 459 4 3477
1735 2 189 1 137
1736 0 0 0 0
1737 0 0 0 0
1738 4 442 3 502
1739 0 0 0 0
1740 11 1327 12 2563
1741 1 153 2 253
1742 0 0 0 0
1743 1 153 2 605
1744 0 0 0 0
1745 0 0 0 0
1746 0 0 0 0
1747 0 0 0 0
1748 0 0 0 0
1749 1 153 2 445
1750 0 0 0 0
1751 3 459 4 767
1752 4 612 6 924
1753 3 459 4 639
1754 1 153 2 461
1755 3 342 3 390
1756 0 0 0 0
1757 0 0 0 0
1758 0 0 0 0
1759 0 0 0 0
1760 0 0 0 0
1761 5 627 3 422
1762 1 52 2 221
1763 2 205 2 285
1764 2 205 2 413
1765 1 153 2 509
1766 0 0 0 0
1767 0 0 0 0
1768 0 0 0 0
1769 0 0 0 0
1770 0 0 0 0
1771 0 0 0 0
1772 0 0 0 0
1773 0 0 0 0
1774 0 0 0 0
1775 2 189 1 137
1776 0 0 0 0
1777 2 205 1 249
1778 0 0 1 52
1779 0 0 0 0
1780 0 0 0 0
1781 4 458 3 390
1782 0 0 0 0
1783 8 1448 9 1874
1784 1 52 3 273
1785 0 0 0 0
1786 0 0 0 0
1787 0 0 0 0
1788 0 0 0 0
1789 0 0 0 0
1790 7 768 6 1052
1791 6 615 5 883
1792 0 0 0 0
1793 0 0 0 0
1794 5 563 4 3445
1795 2 189 1 137
1796 0 0 0 0
1797 2 205 2 573
1798 0 0 0 0
1799 0 0 0 0
1800 0 0 0 0
1801 0 0 0 0
1802 0 0 0 0
1803 0 0 0 0
1804 0 0 0 0
1805 7 800 6 1111
1806 3 560 6 1180
