0 2 205 2 269
1 0 0 0 0
2 0 0 0 0
3 0 0 0 0
4 0 0 0 0
5 2 205 2 333
6 19 3094 19 4440
7 0 0 0 0
8 0 0 0 0
9 0 0 0 0
10 0 0 0 0
11 0 0 0 0
12 0 0 0 0
13 6 647 4 527
14 0 0 0 0
15 0 0 0 0
16 38 7298 44 24180
17 87 17508 104 72005
18 288 52964 423 338133
19 29 5412 30 7132
20 11 2009 12 5790
21 134 26658 190 146194
22 671 101445 921 785245
23 260 50678 370 279670
24 257 57409 293 153407
25 232 46751 391 352608
26 188 47050 194 61387
27 46 9132 51 20099
28 41 35210 30 4836
29 0 0 0 0
30 34 15640 27 4504
31 3 1430 3 545
32 17 6282 12 1945
33 18 6200 15 2473
34 0 0 0 0
35 12 5415 6 1122
36 0 0 0 0
37 11 5299 7 1227
38 0 0 0 0
39 0 0 0 0
40 0 0 0 0
41 15 7901 10 1809
42 0 0 1 52
43 11 1838 11 1652
44 1 153 2 381
45 11 5283 6 1122
46 47 8247 44 6972
47 28 3867 27 9697
48 0 0 0 0
49 37 7958 37 18628
50 64 14411 61 18034
51 98 19757 97 20655
52 57 47194 41 4703
53 14 5929 9 1352
54 26 5218 22 9081
55 105 31651 111 53552
56 14 3860 18 8533
57 51 16673 74 46947
58 29 10391 19 5645
59 17 3926 16 3304
60 5 1960 7 1909
61 17 6352 13 2754
62 4 1658 3 1174
63 4 1658 4 1226
64 4 1658 3 1174
65 12 3683 10 2273
66 0 0 0 0
67 2 205 2 317
68 4 1658 3 1174
69 11 5363 7 1291
70 0 0 0 0
71 4 1658 4 1226
72 2 205 2 253
73 13 4822 7 1195
74 16 3830 11 2282
75 5 462 7 992
76 6 844 6 844
77 21 7172 17 3446
78 0 0 0 0
79 0 0 0 0
80 7 2346 7 1755
81 14 5571 13 2034
82 4 692 5 686
83 4 1658 3 1174
84 7 1013 5 558
85 16 6277 13 2130
86 12 7223 7 1691
87 4 442 3 662
88 3 374 3 337
89 6 3356 7 1771
90 2 221 3 390
91 0 0 0 0
92 13 2631 11 2671
93 4 1231 4 682
94 2 205 2 285
95 4 1658 3 1174
96 5 627 4 442
97 2 1042 3 545
98 1 153 2 365
99 0 0 0 0
100 1 153 2 445
101 7 1295 7 1157
102 1 52 2 221
103 0 0 0 0
104 4 1658 3 1174
105 12 5351 8 1284
106 0 0 0 0
107 0 0 0 0
108 7 965 8 1108
109 31 8136 25 4447
110 11 2370 12 2056
111 0 0 0 0
112 0 0 0 0
113 25 7747 20 3815
114 0 0 0 0
115 0 0 0 0
116 4 486 4 634
117 13 4923 9 1480
118 2 221 2 221
119 10 5327 7 1163
120 0 0 0 0
121 10 5391 6 1058
122 11 2506 8 2009
123 21 6271 15 2676
124 10 5199 6 1058
125 13 4609 8 1268
126 0 0 0 0
127 6 4885 0 0
128 4 442 6 1058
129 9 5873 5 569
130 10 5679 8 1268
131 10 2204 6 1873
132 11 5347 8 1162
133 15 5832 10 1809
134 6 945 6 1079
135 20 6496 14 2390
136 11 5731 7 1179
137 16 5825 11 1770
138 5 792 4 506
139 14 2095 10 1414
140 2 1437 2 221
141 20 5441 14 2795
142 6 945 7 987
143 3 523 5 702
144 7 1098 9 1389
145 13 4806 10 1724
146 2 205 2 717
147 0 0 0 0
148 0 0 0 0
149 2 1437 1 169
150 2 221 2 1005
151 0 0 0 0
152 3 459 4 3413
153 2 189 1 137
154 0 0 0 0
155 0 0 0 0
156 7 768 6 924
157 2 205 2 269
158 2 1437 2 221
159 2 221 2 1005
160 0 0 0 0
161 0 0 0 0
162 0 0 0 0
163 0 0 0 0
164 0 0 0 0
165 1 153 2 317
166 2 338 2 237
167 16 4080 18 3338
168 10 2318 9 1554
169 5 1058 5 835
170 7 1215 6 1036
171 9 1101 6 876
172 5 643 5 574
173 2 189 1 137
174 0 0 0 0
175 6 844 5 622
176 8 2345 6 1329
177 4 337 4 2111
178 4 458 3 390
179 1 52 1 153
180 0 0 0 0
181 0 0 0 0
182 2 205 2 301
183 0 0 0 0
184 0 0 0 0
185 6 1879 4 783
186 2 221 2 1005
187 0 0 0 0
188 9 1500 7 880
189 10 1552 7 811
190 0 0 0 0
191 2 205 2 397
192 9 1500 6 642
193 19 2839 16 2088
194 0 0 0 0
195 6 945 4 666
196 13 2224 10 1084
197 4 724 4 373
198 0 0 0 0
199 0 0 0 0
200 4 404 3 729
201 2 104 4 356
202 0 0 0 0
203 2 370 3 305
204 0 0 0 0
205 0 0 0 0
206 2 306 3 742
207 0 0 0 0
208 0 0 0 0
209 0 0 0 0
210 7 1061 6 1457
211 0 0 0 0
212 6 1863 4 1647
213 2 189 2 189
214 0 0 0 0
215 0 0 0 0
216 0 0 0 0
217 0 0 0 0
218 0 0 0 0
219 2 253 1 153
220 20 2742 16 1928
221 24 4977 21 2997
222 21 4060 18 2304
223 1 153 2 365
224 1 153 1 249
225 9 1617 9 1080
226 0 0 0 0
227 0 0 0 0
228 4 724 4 442
229 3 672 3 321
230 0 0 0 0
231 0 0 0 0
232 0 0 0 0
233 2 189 1 137
234 0 0 0 0
235 0 0 0 0
236 0 0 0 0
237 0 0 0 0
238 0 0 0 0
239 23 13375 13 2290
240 9 920 8 2318
241 104 22221 96 23090
242 90 18389 90 25564
243 0 0 0 0
244 31 8911 30 10328
245 168 40657 183 81240
246 1111 203812 2043 2085752
247 537 144950 1146 1229710
248 166 30545 187 88583
249 62 12980 60 15407
250 238 55416 288 158642
251 133 28121 160 87367
252 103 73262 87 12174
253 51 19915 38 9542
254 37 30184 21 3927
255 13 2887 18 5001
256 6 1922 4 1226
257 22 8541 15 2927
258 5 1870 4 1226
259 4 1818 4 1226
260 5 1870 3 1057
261 9 2328 6 1564
262 3 273 4 1226
263 0 0 0 0
264 0 0 0 0
265 5 1870 4 1226
266 11 1604 9 1378
267 0 0 0 0
268 13 6715 9 1795
269 22 8173 16 3197
270 17 2150 14 2010
271 33 13303 25 4560
272 23 10069 16 2995
273 6 1991 4 682
274 15 8770 12 2569
275 19 6503 13 3159
276 0 0 0 0
277 27 13033 15 3284
278 5 494 7 1227
279 11 5667 7 1227
280 5 1870 4 1226
281 12 5783 8 1316
282 2 205 2 317
283 7 2075 6 1543
284 0 0 0 0
285 11 4958 8 1316
286 5 1870 4 1226
287 0 0 0 0
288 0 0 0 0
289 21 7072 14 2715
290 0 0 0 0
291 0 0 0 0
292 5 1870 4 1226
293 13 5312 8 1316
294 12 6487 8 1268
295 10 5663 6 1058
296 19 9968 11 2064
297 17 6426 11 1717
298 10 5599 6 1058
299 16 6599 11 1605
300 5 744 5 707
301 8 3944 9 2168
302 7 816 6 1036
303 0 0 0 0
304 10 1584 11 1514
305 14 6435 11 1808
306 27 8797 22 3636
307 34 12505 23 3603
308 11 1758 11 1983
309 33 9806 29 4718
310 20 7931 14 2795
311 13 5653 11 1690
312 0 0 0 0
313 16 6150 11 1669
314 0 0 0 0
315 0 0 0 0
316 0 0 0 0
317 18 5769 13 1879
318 0 0 0 0
319 7 2208 6 1788
320 2 205 2 573
321 13 5371 9 1384
322 0 0 0 0
323 0 0 0 0
324 12 5463 8 1268
325 10 5647 6 1058
326 0 0 0 0
327 0 0 0 0
328 5 1870 4 1226
329 12 4813 7 1163
330 0 0 0 0
331 0 0 0 0
332 1 153 2 525
333 12 4930 8 1252
334 6 615 5 1107
335 0 0 0 0
336 0 0 0 0
337 5 1870 4 1226
338 0 0 0 0
339 0 0 0 0
340 0 0 0 0
341 0 0 0 0
342 0 0 0 0
343 4 458 3 390
344 0 0 0 0
345 0 0 0 0
346 5 1870 4 1226
347 0 0 0 0
348 2 205 2 509
349 0 0 0 0
350 0 0 0 0
351 0 0 0 0
352 0 0 0 0
353 2 189 1 137
354 0 0 0 0
355 5 1870 4 1226
356 15 6647 10 1692
357 463 63774 652 566367
358 159 31175 244 225917
359 4 740 4 506
360 1 201 2 237
361 13 4893 9 1517
362 19 6881 12 1817
363 32 11656 22 3338
364 40 15208 34 5837
365 21 7442 18 2832
366 32 13984 23 3790
367 33 9300 24 3910
368 31 10468 22 3508
369 16 5500 11 1573
370 0 0 0 0
371 27 8564 21 3637
372 37 10800 33 6493
373 30 14511 21 4145
374 1 52 1 153
375 26 12913 16 2600
376 24 11262 18 2677
377 0 0 0 0
378 27 17319 16 2633
379 15 5949 10 1889
380 7 4367 4 517
381 3 390 2 541
382 8 2260 6 1788
383 12 8209 7 1110
384 23 10767 14 2454
385 27 12143 18 2731
386 10 5247 6 1058
387 19 9862 12 1785
388 14 5348 10 1825
389 22 9570 14 2326
390 0 0 0 0
391 3 459 4 1071
392 11 4094 13 2327
393 27 7728 18 2981
394 14 2197 11 2074
395 0 0 0 0
396 0 0 0 0
397 11 6696 6 1058
398 0 0 0 0
399 0 0 0 0
400 0 0 0 0
401 17 7449 15 2372
402 1 52 1 169
403 0 0 0 0
404 0 0 0 0
405 14 5572 9 1608
406 0 0 0 0
407 0 0 0 0
408 0 0 0 0
409 18 6687 12 2494
410 2 205 2 701
411 0 0 0 0
412 4 724 3 321
413 11 1689 7 779
414 3 422 2 317
415 0 0 0 0
416 11 2636 9 1208
417 19 7034 15 2277
418 24 6179 21 3259
419 7 1912 6 807
420 136 23098 161 99912
421 78 16348 83 40111
422 5 712 4 410
423 22 15169 16 3059
424 90 23050 85 16376
425 60 11005 56 15509
426 33 5734 32 8357
427 1 153 2 349
428 26 6981 25 11371
429 26 4295 16 3858
430 137 47166 149 70819
431 468 84144 581 413185
432 276 60702 292 130606
433 135 29780 149 45451
434 25 11128 22 4468
435 5 1902 4 1226
436 5 1902 4 1226
437 40 10058 41 11331
438 7 2107 6 1703
439 11 3182 9 1992
440 7 2107 5 1587
441 5 1902 4 1226
442 7 2240 6 1735
443 4 1850 4 1226
444 2 221 2 1005
445 2 205 2 381
446 3 1681 2 221
447 3 374 4 1338
448 0 0 0 0
449 3 1681 2 221
450 2 221 2 1005
451 19 2286 14 2106
452 5 1886 4 762
453 9 1186 8 1849
454 0 0 0 0
455 3 1681 2 221
456 2 221 2 1005
457 0 0 0 0
458 5 1886 4 570
459 2 221 2 1005
460 0 0 0 0
461 3 1681 2 221
462 16 3314 13 3351
463 0 0 0 0
464 3 1681 2 221
