0 22 3401 18 7312
1 59 8216 84 66060
2 0 0 0 0
3 0 0 0 0
4 0 0 0 0
5 0 0 0 0
6 0 0 0 0
7 0 0 0 0
8 0 0 0 0
9 0 0 0 0
10 0 0 0 0
11 25 4642 35 23714
12 51 6630 66 49628
13 0 0 0 0
14 0 0 0 0
15 0 0 0 0
16 0 0 0 0
17 64 10180 90 70958
18 0 0 0 0
19 0 0 0 0
20 2 189 1 137
21 0 0 0 0
22 0 0 0 0
23 0 0 0 0
24 0 0 0 0
25 0 0 0 0
26 0 0 0 0
27 0 0 0 0
28 0 0 0 0
29 0 0 0 0
30 0 0 0 0
31 0 0 0 0
32 0 0 0 0
33 0 0 0 0
34 0 0 0 0
35 0 0 0 0
36 51 7265 53 45870
37 21 5070 60 45705
38 0 0 0 0
39 0 0 0 0
40 2 189 1 137
41 0 0 0 0
42 0 0 0 0
43 0 0 0 0
44 0 0 0 0
45 0 0 0 0
46 0 0 0 0
47 0 0 0 0
48 3 422 3 337
49 1 169 1 52
50 0 0 0 0
51 1 169 1 52
52 0 0 0 0
53 19 3027 18 7237
54 67 9334 90 79973
55 4 836 4 325
56 5 808 6 924
57 0 0 0 0
58 33 5526 38 28666
59 0 0 0 0
60 2 189 1 137
61 0 0 0 0
62 0 0 0 0
63 0 0 0 0
64 0 0 0 0
65 0 0 0 0
66 0 0 0 0
67 0 0 0 0
68 0 0 0 0
69 0 0 0 0
70 0 0 0 0
71 0 0 0 0
72 2 370 1 52
73 11 2117 11 1519
74 20 2492 17 8332
75 0 0 0 0
76 0 0 0 0
77 22 3401 20 9117
78 1 169 2 221
79 0 0 0 0
80 2 189 1 137
81 0 0 0 0
82 0 0 0 0
83 0 0 0 0
84 0 0 0 0
85 0 0 0 0
86 0 0 0 0
87 5 355 5 416
88 0 0 0 0
89 0 0 0 0
90 0 0 0 0
91 0 0 0 0
92 0 0 0 0
93 0 0 0 0
94 4 559 3 497
95 75 10869 95 71974
96 0 0 0 0
97 0 0 0 0
98 0 0 0 0
99 0 0 0 0
100 2 189 1 137
101 0 0 0 0
102 80 11480 97 73161
103 0 0 0 0
104 0 0 0 0
105 3 507 3 449
106 24 4707 33 28113
107 0 0 0 0
108 0 0 0 0
109 0 0 0 0
110 0 0 0 0
111 0 0 0 0
112 0 0 0 0
113 0 0 0 0
114 0 0 0 0
115 0 0 0 0
116 62 10193 87 71229
117 0 0 0 0
118 0 0 0 0
119 0 0 0 0
120 2 189 1 137
121 0 0 0 0
122 0 0 0 0
123 0 0 0 0
124 0 0 0 0
125 0 0 0 0
126 0 0 0 0
127 0 0 0 0
128 0 0 0 0
129 0 0 0 0
130 0 0 0 0
131 15 2718 11 4848
132 17 2756 27 23871
133 0 0 0 0
134 0 0 0 0
135 0 0 0 0
136 0 0 0 0
137 0 0 0 0
138 0 0 0 0
139 0 0 0 0
140 34 5296 29 16443
141 0 0 0 0
142 0 0 0 0
143 0 0 0 0
144 0 0 0 0
145 0 0 0 0
146 51 8685 66 56230
147 34 5897 51 26405
148 0 0 0 0
149 0 0 0 0
150 0 0 0 0
151 10 2458 12 4900
152 16 2704 25 23714
153 0 0 0 0
154 0 0 0 0
155 0 0 0 0
156 0 0 0 0
157 0 0 0 0
158 0 0 0 0
159 0 0 0 0
160 2 189 1 137
161 0 0 0 0
162 0 0 0 0
163 8 1012 4 1108
164 0 0 0 0
165 34 5578 36 28562
166 0 0 0 0
167 0 0 0 0
168 0 0 0 0
169 0 0 0 0
170 0 0 0 0
171 0 0 0 0
172 0 0 0 0
173 0 0 0 0
174 0 0 0 0
175 0 0 0 0
176 0 0 0 0
177 34 5562 41 32390
178 3 507 4 1098
179 0 0 0 0
180 2 189 1 137
181 0 0 0 0
182 0 0 0 0
183 0 0 0 0
184 0 0 0 0
185 0 0 0 0
186 0 0 0 0
187 0 0 0 0
188 46 7808 66 61433
189 0 0 0 0
190 0 0 0 0
191 0 0 0 0
192 0 0 0 0
193 0 0 0 0
194 0 0 0 0
195 0 0 0 0
196 5 856 4 1108
197 0 0 0 0
198 0 0 0 0
199 0 0 0 0
200 49 7246 59 46433
201 38 5837 50 44999
202 0 0 0 0
203 0 0 0 0
204 0 0 0 0
205 0 0 0 0
206 0 0 0 0
207 33 6095 44 33409
208 0 0 0 0
209 0 0 0 0
210 0 0 0 0
211 0 0 0 0
212 0 0 0 0
213 0 0 0 0
214 0 0 0 0
215 0 0 0 0
216 0 0 0 0
217 0 0 0 0
218 6 1409 7 859
219 23 3479 20 8781
220 2 189 1 137
221 0 0 0 0
222 0 0 0 0
223 0 0 0 0
224 0 0 0 0
225 0 0 0 0
226 0 0 0 0
227 0 0 0 0
228 0 0 0 0
229 0 0 0 0
230 0 0 0 0
231 0 0 0 0
232 0 0 0 0
233 0 0 0 0
234 0 0 0 0
235 0 0 0 0
236 0 0 0 0
237 0 0 0 0
238 30 5588 38 32581
239 2 338 5 457
240 2 189 1 137
241 0 0 0 0
242 0 0 0 0
243 0 0 0 0
244 0 0 0 0
245 143 23063 180 130288
246 107 18133 158 135445
247 1 169 2 221
248 0 0 0 0
249 0 0 0 0
250 0 0 0 0
251 0 0 0 0
252 0 0 0 0
253 0 0 0 0
254 0 0 0 0
255 0 0 0 0
256 0 0 0 0
257 0 0 0 0
258 0 0 0 0
259 0 0 0 0
260 2 189 1 137
261 2 338 0 0
262 76 10905 97 85508
263 0 0 0 0
264 0 0 0 0
265 0 0 0 0
266 0 0 0 0
267 0 0 0 0
268 0 0 0 0
269 0 0 0 0
270 0 0 0 0
271 0 0 0 0
272 0 0 0 0
273 0 0 0 0
274 0 0 0 0
275 0 0 0 0
276 16 2770 13 5005
277 16 2704 25 23714
278 0 0 0 0
279 0 0 0 0
280 2 189 1 137
281 0 0 0 0
282 0 0 0 0
283 0 0 0 0
284 32 5044 28 9692
285 0 0 0 0
286 0 0 0 0
287 0 0 0 0
288 0 0 0 0
289 0 0 0 0
290 0 0 0 0
291 0 0 0 0
292 0 0 0 0
293 0 0 0 0
294 0 0 0 0
295 0 0 0 0
296 0 0 0 0
297 17 3040 18 14657
298 56 9581 96 76853
299 0 0 0 0
300 2 189 1 137
301 0 0 0 0
302 0 0 0 0
303 0 0 0 0
304 0 0 0 0
305 0 0 0 0
306 0 0 0 0
307 0 0 0 0
308 0 0 0 0
309 0 0 0 0
310 0 0 0 0
311 50 7213 61 46046
312 26 5564 57 45207
313 0 0 0 0
314 0 0 0 0
315 34 6264 45 33163
316 11 2494 14 7782
317 0 0 0 0
318 251 41366 384 401451
319 0 0 0 0
320 2 189 1 137
321 8 1513 7 859
322 16 2109 16 8584
323 0 0 0 0
324 0 0 0 0
325 0 0 0 0
326 0 0 0 0
327 0 0 0 0
328 28 4735 26 9593
329 0 0 0 0
330 0 0 0 0
331 0 0 0 0
332 0 0 0 0
333 0 0 0 0
334 0 0 0 0
335 0 0 0 0
336 0 0 0 0
337 3 507 3 497
338 13 2699 18 8752
339 0 0 0 0
340 2 189 1 137
341 0 0 0 0
342 0 0 0 0
343 0 0 0 0
344 0 0 0 0
345 0 0 0 0
346 0 0 0 0
347 0 0 0 0
348 12 1555 9 1378
349 0 0 0 0
350 0 0 0 0
351 0 0 0 0
352 0 0 0 0
353 0 0 0 0
354 47 7057 57 46388
355 26 5447 56 45145
356 0 0 0 0
357 0 0 0 0
358 0 0 0 0
359 0 0 0 0
360 2 189 1 137
361 0 0 0 0
362 0 0 0 0
363 0 0 0 0
364 0 0 0 0
365 31 4790 24 9388
366 1 153 2 205
367 0 0 0 0
368 0 0 0 0
369 2 338 1 52
370 27 4496 28 16098
371 0 0 0 0
372 0 0 0 0
373 0 0 0 0
374 0 0 0 0
375 0 0 0 0
376 0 0 0 0
377 0 0 0 0
378 0 0 0 0
379 0 0 0 0
380 2 189 1 137
381 0 0 0 0
382 0 0 0 0
383 0 0 0 0
384 0 0 0 0
385 0 0 0 0
386 0 0 0 0
387 1 60 0 0
388 21 3226 14 5897
389 18 2514 14 10385
390 0 0 0 0
391 1 139 0 0
392 0 0 0 0
393 0 0 0 0
394 1 139 0 0
395 0 0 0 0
396 0 0 0 0
397 0 0 0 0
398 0 0 0 0
399 0 0 0 0
400 3 328 1 137
401 0 0 0 0
402 0 0 0 0
403 0 0 0 0
404 71 11246 100 74106
405 0 0 0 0
406 0 0 0 0
407 104 15009 131 93134
408 0 0 1 52
409 6 844 4 1050
410 3 422 2 637
411 0 0 0 0
412 0 0 0 0
413 0 0 0 0
414 3 422 2 349
415 0 0 0 0
416 0 0 0 0
417 0 0 0 0
418 0 0 0 0
419 0 0 0 0
420 2 189 1 137
421 0 0 0 0
422 0 0 0 0
423 0 0 0 0
424 2 338 0 0
425 65 9998 91 71234
426 0 0 0 0
427 0 0 0 0
428 0 0 0 0
429 0 0 0 0
430 0 0 0 0
431 0 0 0 0
432 34 5578 37 28667
433 0 0 1 52
434 0 0 0 0
435 4 676 4 906
436 82 12504 107 90848
437 0 0 0 0
438 0 0 0 0
439 0 0 0 0
440 2 189 1 137
441 0 0 0 0
442 16 2855 12 4265
443 34 4927 54 57045
444 0 0 0 0
445 0 0 0 0
446 0 0 0 0
447 0 0 0 0
448 0 0 0 0
449 79 12699 109 91757
450 0 0 0 0
451 0 0 0 0
452 0 0 0 0
453 0 0 0 0
454 0 0 0 0
455 0 0 0 0
456 0 0 0 0
457 15 2111 12 5374
458 64 8950 88 81473
459 0 0 0 0
460 2 189 1 137
461 0 0 0 0
462 0 0 0 0
463 8 1012 4 1108
464 0 0 0 0
465 0 0 0 0
466 0 0 0 0
467 0 0 0 0
468 0 0 0 0
469 0 0 0 0
470 0 0 0 0
471 0 0 0 0
472 0 0 0 0
473 0 0 0 0
474 0 0 0 0
475 0 0 0 0
476 0 0 0 0
477 21 3248 18 8059
478 315 44694 443 404248
479 0 0 0 0
480 2 189 1 137
481 0 0 0 0
482 0 0 0 0
483 0 0 0 0
484 0 0 0 0
485 91 13206 115 91973
486 0 0 0 0
487 5 1357 4 746
488 234 41190 407 407699
489 0 0 0 0
490 0 0 0 0
491 0 0 0 0
492 0 0 0 0
493 0 0 0 0
494 0 0 0 0
495 0 0 0 0
496 8 1012 4 1108
497 0 0 0 0
498 0 0 0 0
499 0 0 0 0
500 2 189 1 137
501 0 0 0 0
502 0 0 0 0
503 0 0 0 0
504 21 3248 18 8059
505 0 0 0 0
