0 2 189 1 137
1 17 2923 12 5785
2 18 2340 15 10314
3 0 0 0 0
4 0 0 0 0
5 0 0 0 0
6 0 0 0 0
7 0 0 0 0
8 0 0 0 0
9 0 0 0 0
10 0 0 0 0
11 0 0 0 0
12 31 5055 29 16443
13 0 0 0 0
14 0 0 0 0
15 1 153 2 197
16 0 0 0 0
17 1 153 1 52
18 0 0 0 0
19 0 0 0 0
20 7 1045 5 1245
21 0 0 0 0
22 18 2975 14 5889
23 17 2288 15 10378
24 0 0 0 0
25 0 0 0 0
26 0 0 0 0
27 0 0 0 0
28 0 0 0 0
29 0 0 0 0
30 0 0 0 0
31 0 0 0 0
32 0 0 0 0
33 14 2767 15 5941
34 19 2392 16 10510
35 0 0 0 0
36 0 0 0 0
37 0 0 0 0
38 0 0 0 0
39 0 0 0 0
40 2 189 1 137
41 0 0 0 0
42 0 0 0 0
43 0 0 0 0
44 34 5094 27 15966
45 0 0 0 0
46 0 0 0 0
47 0 0 0 0
48 1 153 2 523
49 0 0 0 0
50 0 0 0 0
51 0 0 0 0
52 0 0 0 0
53 0 0 0 0
54 25 4626 26 15898
55 0 0 0 0
56 0 0 0 0
57 0 0 0 0
58 0 0 0 0
59 0 0 0 0
60 2 189 1 137
61 0 0 0 0
62 0 0 0 0
63 0 0 0 0
64 7 1461 7 880
65 24 3594 21 15036
66 0 0 0 0
67 0 0 0 0
68 0 0 0 0
69 0 0 0 0
70 0 0 0 0
71 0 0 0 0
72 0 0 0 0
73 0 0 0 0
74 0 0 0 0
75 31 5156 31 16754
76 0 0 0 0
77 0 0 0 0
78 0 0 0 0
79 0 0 0 0
80 2 189 1 137
81 0 0 0 0
82 0 0 0 0
83 0 0 0 0
84 0 0 0 0
85 14 2767 13 5837
86 15 2184 13 10034
87 0 0 0 0
88 0 0 0 0
89 0 0 0 0
90 0 0 0 0
91 0 0 0 0
92 0 0 0 0
93 0 0 0 0
94 0 0 0 0
95 0 0 0 0
96 31 5055 29 16160
97 0 0 0 0
98 0 0 0 0
99 0 0 0 0
100 2 189 1 137
101 0 0 0 0
102 0 0 0 0
103 0 0 0 0
104 0 0 0 0
105 0 0 0 0
106 18 2975 13 5837
107 15 2067 13 9981
108 0 0 0 0
109 0 0 0 0
110 0 0 0 0
111 0 0 0 0
112 0 0 0 0
113 0 0 0 0
114 0 0 0 0
115 0 0 0 0
116 0 0 0 0
117 27 4730 25 15654
118 0 0 0 0
119 0 0 0 0
120 2 189 1 137
121 0 0 0 0
122 0 0 0 0
123 0 0 0 0
124 0 0 0 0
125 0 0 0 0
126 0 0 0 0
127 30 4886 28 16434
128 0 0 0 0
129 0 0 0 0
130 1 153 1 52
131 0 0 0 0
132 0 0 0 0
133 0 0 0 0
134 0 0 0 0
135 0 0 0 0
136 0 0 0 0
137 14 2421 9 1831
138 25 3529 21 15223
139 0 0 0 0
140 2 189 1 137
141 0 0 0 0
142 0 0 0 0
143 0 0 0 0
144 0 0 0 0
145 0 0 0 0
146 0 0 0 0
147 0 0 0 0
148 41 6171 30 17123
149 0 0 0 0
150 0 0 0 0
151 0 0 0 0
152 0 0 0 0
153 0 0 0 0
154 0 0 0 0
155 0 0 0 0
156 0 0 0 0
157 0 0 0 0
158 14 2767 12 5785
159 16 2236 14 10422
160 2 189 1 137
161 0 0 0 0
162 0 0 0 0
163 0 0 0 0
164 0 0 0 0
165 0 0 0 0
166 0 0 0 0
167 0 0 0 0
168 0 0 0 0
169 30 5003 27 16051
170 0 0 0 0
171 1 153 2 523
172 0 0 0 0
173 0 0 0 0
174 0 0 0 0
175 0 0 0 0
176 0 0 0 0
177 0 0 0 0
178 0 0 0 0
179 14 2767 14 5889
180 13 1931 13 9885
181 0 0 0 0
182 0 0 0 0
183 1 153 2 184
184 3 459 6 552
185 1 153 2 184
186 0 0 0 0
187 1 153 2 184
188 1 153 2 167
189 0 0 0 0
190 29 4834 27 16062
191 1 153 2 247
192 0 0 0 0
193 0 0 0 0
194 0 0 0 0
195 0 0 0 0
196 0 0 0 0
197 0 0 0 0
198 2 306 4 659
199 0 0 0 0
200 32 5075 30 16335
201 3 422 2 285
202 1 169 1 52
203 0 0 0 0
204 1 169 1 52
205 0 0 0 0
206 0 0 0 0
207 2 306 4 354
208 3 475 5 406
209 1 153 2 177
210 5 1357 6 775
211 21 3422 22 15460
212 1 153 2 160
213 1 153 2 247
214 1 153 2 233
215 0 0 0 0
216 1 169 1 52
217 0 0 0 0
218 0 0 0 0
219 0 0 0 0
220 5 611 2 370
221 31 5204 27 15998
222 2 322 2 233
223 4 591 3 337
224 2 338 1 52
225 0 0 1 52
226 0 0 0 0
227 3 539 3 337
228 4 836 3 273
229 6 1334 6 429
230 7 912 6 924
231 11 1588 8 1140
232 29 4600 27 16003
233 0 0 0 0
234 0 0 0 0
235 0 0 0 0
236 1 153 2 233
237 0 0 0 0
238 0 0 0 0
239 0 0 0 0
240 2 189 1 137
241 0 0 0 0
242 28 4665 26 16069
243 1 153 2 247
244 0 0 0 0
245 0 0 0 0
246 0 0 0 0
247 1 60 0 0
248 4 295 5 416
249 0 0 0 0
250 0 0 0 0
251 0 0 0 0
252 14 2767 15 5941
253 18 2223 15 10597
254 0 0 0 0
255 0 0 0 0
256 0 0 0 0
257 0 0 0 0
258 0 0 0 0
259 0 0 0 0
260 2 189 1 137
261 0 0 0 0
262 0 0 0 0
263 30 5003 26 15855
264 1 153 2 233
265 0 0 0 0
266 0 0 0 0
267 0 0 0 0
268 0 0 0 0
269 0 0 0 0
270 0 0 0 0
271 0 0 0 0
272 0 0 0 0
273 14 2767 14 5889
274 15 2067 13 10189
275 0 0 0 0
276 0 0 0 0
277 0 0 0 0
278 0 0 0 0
279 0 0 0 0
280 2 189 1 137
281 0 0 0 0
282 0 0 0 0
283 0 0 0 0
284 30 5003 28 16183
285 0 0 0 0
286 0 0 0 0
287 0 0 0 0
288 0 0 0 0
289 0 0 0 0
290 0 0 0 0
291 0 0 0 0
292 0 0 0 0
293 0 0 0 0
294 14 2868 11 6035
295 17 2171 18 10822
296 0 0 0 0
297 0 0 0 0
298 0 0 0 0
299 0 0 0 0
300 2 189 1 137
301 0 0 0 0
302 0 0 0 0
303 0 0 0 0
304 0 0 0 0
305 30 4886 26 15930
306 0 0 0 0
307 0 0 0 0
308 0 0 0 0
309 0 0 0 0
310 0 0 0 0
311 0 0 0 0
312 0 0 0 0
313 0 0 0 0
314 0 0 0 0
315 14 2767 14 5889
316 15 2067 13 9901
317 0 0 0 0
318 0 0 0 0
319 0 0 0 0
320 2 189 1 137
321 1 153 2 412
322 0 0 0 0
323 0 0 0 0
324 0 0 0 0
325 0 0 0 0
326 30 4886 27 15806
327 0 0 0 0
328 0 0 0 0
329 0 0 0 0
330 0 0 0 0
331 0 0 0 0
332 0 0 0 0
333 0 0 0 0
334 0 0 0 0
335 0 0 0 0
336 14 2767 13 5837
337 14 2249 14 10358
338 0 0 0 0
339 0 0 0 0
340 2 189 1 137
341 0 0 0 0
342 0 0 0 0
343 0 0 0 0
344 0 0 0 0
345 0 0 0 0
346 0 0 0 0
347 29 4834 27 16174
348 0 0 0 0
349 0 0 0 0
350 0 0 0 0
351 0 0 0 0
352 0 0 0 0
353 0 0 0 0
354 0 0 0 0
355 0 0 0 0
356 0 0 0 0
357 30 4886 28 16098
358 0 0 0 0
359 1 153 1 52
